1 0 0 0 0 1 0 0 0 0 1 0
0.999994 -0.00338166 0.00063726 -0.200957 0.00338347 0.99999 -0.0028597 0.0134438 -0.000627584 0.00286184 0.999996 0.97851
0.999994 -0.00318607 -0.00100031 -0.362929 0.0031822 0.999988 -0.00384322 0.00425205 0.00101255 0.00384001 0.999992 2.00062
0.999976 -0.00383365 -0.00578726 -0.413095 0.00379997 0.999976 -0.00581978 0.0325363 0.00580944 0.00579765 0.999966 3.07073
0.999933 -0.00228002 -0.0113532 -0.403787 0.00221718 0.999982 -0.0055445 -0.00377297 0.0113657 0.00551896 0.99992 4.10626
0.999825 -0.00358977 -0.018353 -0.359834 0.00349507 0.99998 -0.00518929 -0.0336165 0.0183713 0.00512424 0.999818 5.07568
0.999832 -0.00309179 -0.0180611 -0.645071 0.00296991 0.999973 -0.00677084 -0.0267161 0.0180815 0.00671606 0.999814 6.06648
0.999754 -0.000764781 -0.0221536 -0.752126 0.000584906 0.999967 -0.00812482 -0.0175246 0.0221591 0.00810987 0.999722 7.09567
0.999656 -0.000836167 -0.0262255 -0.852376 0.000650513 0.999975 -0.00708688 -0.00992831 0.0262308 0.00706738 0.999631 8.16013
0.999621 -0.00226749 -0.0274359 -1.05472 0.00215472 0.999989 -0.00413915 -0.019822 0.027445 0.00407846 0.999615 9.13275
0.999579 -0.00270404 -0.0288742 -1.17874 0.00262185 0.999992 -0.0028841 0.0119351 0.0288818 0.00280718 0.999579 10.1377
0.99957 -0.00207961 -0.0292656 -1.39035 0.00194901 0.999988 -0.00449057 0.0305039 0.0292746 0.0044316 0.999562 11.2224
0.999563 -0.00194886 -0.0295032 -1.49787 0.0018164 0.999988 -0.00451577 0.0229285 0.0295116 0.00446021 0.999554 12.102
0.999509 -0.0048708 -0.0309602 -1.56072 0.00471458 0.999976 -0.00511658 0.0124604 0.0309844 0.0049681 0.999508 12.9869
0.999435 -0.00629264 -0.033029 -1.65357 0.00614677 0.999971 -0.00451621 0.0277754 0.0330565 0.00431063 0.999444 13.976
0.999384 -0.0071165 -0.0343625 -1.6693 0.00695281 0.999964 -0.00488074 0.00251993 0.034396 0.00463882 0.999398 14.8921
0.999318 -0.00687947 -0.0362931 -1.74685 0.00662729 0.999953 -0.00706413 -0.00507688 0.03634 0.00681879 0.999316 15.9745
0.999213 -0.00668661 -0.0390878 -1.73396 0.006315 0.999934 -0.00962285 -0.0210712 0.0391496 0.00936845 0.999189 16.9643
0.999146 0.000378803 -0.0413179 -1.72973 -0.000849663 0.999935 -0.0113791 -0.0570898 0.0413109 0.0114045 0.999081 17.8272
0.999127 -0.000908752 -0.0417685 -1.78119 0.000439799 0.999937 -0.0112353 -0.0557359 0.0417761 0.0112071 0.999064 18.7087
0.999059 -0.00540513 -0.0430351 -1.89723 0.0050003 0.999942 -0.00950921 -0.0465812 0.043084 0.00928508 0.999028 19.7384
0.999015 -0.008447 -0.0435603 -2.04574 0.00807971 0.99993 -0.00860083 -0.0182387 0.0436299 0.0082404 0.999014 20.8066
0.999051 -0.00861738 -0.0427005 -2.10698 0.00825318 0.999928 -0.00869797 -0.0300847 0.0427724 0.0083373 0.99905 21.6222
0.998999 -0.00975885 -0.0436602 -2.18165 0.0093621 0.999913 -0.00928253 -0.0445245 0.043747 0.00886449 0.999003 22.51
0.999011 -0.0138746 -0.0422485 -2.37119 0.0134551 0.999857 -0.0101977 -0.0370828 0.0423839 0.00961914 0.999055 23.4983
0.998979 -0.0166847 -0.0419914 -2.45386 0.0163475 0.999831 -0.00836056 -0.0363799 0.0421238 0.00766557 0.999083 24.4727
0.998937 -0.0179108 -0.0424695 -2.52809 0.0177124 0.99983 -0.00504396 -0.0237261 0.0425526 0.00428636 0.999085 25.4831
0.998982 -0.0198722 -0.040502 -2.64015 0.0198587 0.999803 -0.000735326 -0.0456723 0.0405086 -6.97402e-05 0.999179 26.4334
0.998991 -0.0212062 -0.0395895 -2.65529 0.0213204 0.99977 0.00246299 -0.0639781 0.0395281 -0.00330456 0.999213 27.2956
0.999077 -0.0217712 -0.0370413 -2.79475 0.0218742 0.999758 0.00237741 -0.0447983 0.0369806 -0.00318546 0.999311 28.2866
0.999203 -0.0205308 -0.0342431 -2.89943 0.0205259 0.999789 -0.00049426 -0.06209 0.034246 -0.000209005 0.999413 29.1963
0.999307 -0.0203505 -0.0311746 -3.0271 0.0201965 0.999782 -0.00524582 -0.0687055 0.0312746 0.00461257 0.9995 30.125
0.99932 -0.0221555 -0.0294738 -3.11443 0.0219343 0.999729 -0.00780731 -0.0737063 0.0296388 0.00715552 0.999535 31.1128
0.999319 -0.0256409 -0.0265387 -3.26597 0.0254921 0.999657 -0.00593252 -0.105749 0.0266817 0.00525195 0.99963 32.0945
0.999252 -0.0274195 -0.0272633 -3.29167 0.0274031 0.999624 -0.000976613 -0.123653 0.0272798 0.000228785 0.999628 32.9623
0.99918 -0.0287522 -0.0285001 -3.28643 0.0288441 0.99958 0.00282021 -0.170116 0.028407 -0.00363996 0.99959 33.7581
0.998903 -0.03652 -0.0293184 -3.35436 0.0366044 0.999327 0.00234509 -0.180014 0.0292131 -0.00341569 0.999567 34.6727
0.998806 -0.0388041 -0.0296636 -3.48528 0.0387721 0.999247 -0.00165167 -0.201065 0.0297053 0.00049958 0.999559 35.7121
0.998826 -0.0377494 -0.0303524 -3.47845 0.0376001 0.999278 -0.00547401 -0.219077 0.0305371 0.00432633 0.999524 36.6439
0.998811 -0.0362729 -0.0325578 -3.47904 0.0360979 0.999331 -0.00594534 -0.239697 0.0327517 0.004763 0.999452 37.5968
0.998727 -0.0368995 -0.0343907 -3.50052 0.0367624 0.999313 -0.00460777 -0.233369 0.0345371 0.00333762 0.999398 38.5699
0.998826 -0.0337167 -0.0347875 -3.56684 0.0336798 0.999431 -0.00164708 -0.250558 0.0348233 0.000473512 0.999393 39.5259
0.998863 -0.0321192 -0.035234 -3.61969 0.0321107 0.999484 -0.000807707 -0.268363 0.0352417 -0.000324599 0.999379 40.4029
0.99883 -0.0317882 -0.0364403 -3.68172 0.0318723 0.99949 0.00172971 -0.268731 0.0363668 -0.00288912 0.999334 41.3628
0.998762 -0.0310107 -0.0388909 -3.63089 0.0312321 0.999499 0.00509803 -0.300635 0.0387134 -0.00630636 0.99923 42.2382
0.998913 -0.0265775 -0.0383021 -3.78186 0.02687 0.999613 0.00714239 -0.29289 0.0380975 -0.00816381 0.999241 43.2925
0.998951 -0.0262912 -0.0374817 -3.81238 0.026575 0.999622 0.00709391 -0.309383 0.037281 -0.00808255 0.999272 44.1874
0.998861 -0.0279688 -0.0386546 -3.82745 0.028189 0.999589 0.00516403 -0.298845 0.0384943 -0.00624779 0.999239 45.0406
0.998901 -0.0243904 -0.0400207 -3.82661 0.0245127 0.999696 0.00256909 -0.303525 0.0399459 -0.00354729 0.999196 45.8432
0.998875 -0.0242126 -0.0407769 -3.86164 0.0243163 0.999702 0.00205037 -0.315659 0.0407151 -0.0030396 0.999166 46.6376
0.998585 -0.0257363 -0.0465458 -3.768 0.0258995 0.99966 0.00290761 -0.318009 0.0464552 -0.00410901 0.998912 47.4776
0.99836 -0.0245764 -0.0516993 -3.69734 0.0247785 0.999688 0.00327148 -0.319897 0.0516027 -0.00454715 0.998657 48.3493
0.998406 -0.0216819 -0.0521143 -3.75089 0.0216904 0.999765 -0.000403158 -0.334343 0.0521108 -0.000727866 0.998641 49.2539
0.998432 -0.0206076 -0.0520522 -3.8408 0.020375 0.99978 -0.00499579 -0.340283 0.0521437 0.00392739 0.998632 50.1812
0.998469 -0.0204293 -0.0514117 -3.94219 0.0201337 0.999778 -0.00625939 -0.349631 0.0515281 0.0052147 0.998658 51.1302
0.998465 -0.0218646 -0.0508858 -4.02559 0.0217747 0.99976 -0.00232069 -0.37538 0.0509244 0.0012091 0.998702 52.0311
0.998486 -0.022708 -0.0500935 -4.13545 0.0227822 0.99974 0.000909892 -0.39939 0.0500599 -0.00204975 0.998744 52.9862
0.998475 -0.0255149 -0.0489626 -4.27259 0.0255792 0.999673 0.000687496 -0.411045 0.0489291 -0.00193887 0.9988 53.9367
0.998346 -0.0299034 -0.0491041 -4.35513 0.0298899 0.999553 -0.00101029 -0.401 0.0491124 -0.000459102 0.998793 54.8776
0.998233 -0.0327936 -0.0495513 -4.41357 0.0327195 0.999462 -0.00230571 -0.418805 0.0496002 0.000680342 0.998769 55.7712
0.99819 -0.0350892 -0.0488466 -4.5441 0.0350969 0.999384 -0.000701342 -0.446722 0.0488411 -0.00101429 0.998806 56.6685
0.997955 -0.0401071 -0.0497632 -4.60287 0.0403335 0.99918 0.00355371 -0.448982 0.0495798 -0.00555356 0.998755 57.5887
0.998013 -0.0406279 -0.0481646 -4.74923 0.0410953 0.999117 0.00875267 -0.46672 0.0477665 -0.0107146 0.998801 58.4977
0.99818 -0.0379464 -0.0468624 -4.87974 0.0385301 0.99919 0.0116145 -0.500583 0.0463837 -0.013399 0.998834 59.3933
0.998236 -0.0367634 -0.0466246 -4.99753 0.0371863 0.999274 0.0082366 -0.538158 0.046288 -0.00995586 0.998879 60.2622
0.998351 -0.0321232 -0.0475726 -5.05824 0.0321596 0.999483 -1.53205e-06 -0.557441 0.0475481 -0.00152839 0.998868 61.1243
0.99841 -0.0299927 -0.0477232 -5.15043 0.0297683 0.999542 -0.00540639 -0.56332 0.0478635 0.00397716 0.998846 61.9911
0.998572 -0.0262458 -0.0465412 -5.31567 0.0260481 0.999649 -0.00484965 -0.557524 0.0466521 0.00363041 0.998905 62.915
0.998729 -0.0239765 -0.0443261 -5.50204 0.0239402 0.999712 -0.00134842 -0.617813 0.0443457 0.000285534 0.999016 63.8376
0.998875 -0.0226143 -0.0416758 -5.72789 0.0226285 0.999744 -0.000130649 -0.627438 0.041668 -0.000812559 0.999131 64.6985
0.998872 -0.0229102 -0.0416016 -5.84519 0.0229088 0.999737 -0.00050893 -0.633724 0.0416024 -0.000444689 0.999134 65.6458
0.999019 -0.0214639 -0.0387218 -6.08075 0.0215056 0.999769 0.000662642 -0.656989 0.0386987 -0.00149473 0.99925 66.5948
0.999105 -0.0206629 -0.0369097 -6.26227 0.020705 0.999785 0.00075872 -0.663014 0.0368861 -0.00152226 0.999318 67.5497
0.999113 -0.0212769 -0.0363457 -6.40775 0.02134 0.999771 0.00135081 -0.661984 0.0363087 -0.00212523 0.999338 68.5403
0.999147 -0.0213917 -0.0353291 -6.55307 0.0214617 0.999768 0.00160285 -0.657723 0.0352866 -0.0023597 0.999374 69.4477
0.999241 -0.0194895 -0.0337217 -6.72797 0.0196464 0.999798 0.00432878 -0.671265 0.0336305 -0.00498801 0.999422 70.3212
0.999333 -0.0184008 -0.0315372 -6.91003 0.0186885 0.999786 0.00885347 -0.702535 0.0313675 -0.00943695 0.999463 71.1509
0.999327 -0.0160573 -0.0329884 -6.96284 0.0164192 0.999808 0.0107292 -0.70486 0.0328098 -0.0112636 0.999398 72.0382
0.999472 -0.0139847 -0.0293415 -7.22459 0.0141642 0.999882 0.00591927 -0.694287 0.0292552 -0.00633174 0.999552 72.9483
0.999459 -0.0141788 -0.0296633 -7.30779 0.014134 0.999899 -0.00172117 -0.691249 0.0296847 0.00130098 0.999558 73.8319
0.99944 -0.0150017 -0.0299057 -7.40747 0.0147641 0.999858 -0.00814784 -0.690917 0.0300237 0.00770175 0.99952 74.7404
0.999452 -0.0140734 -0.0299491 -7.45735 0.0138173 0.999866 -0.00874187 -0.728931 0.0300681 0.00832326 0.999513 75.4995
0.999496 -0.0119483 -0.029409 -7.58485 0.0118086 0.999918 -0.00491955 -0.765292 0.0294654 0.00456979 0.999555 76.4656
0.999549 -0.0118747 -0.0275827 -7.77617 0.0117938 0.999926 -0.00309383 -0.783113 0.0276174 0.00276713 0.999615 77.4256
0.999562 -0.0154808 -0.0252386 -7.98081 0.015304 0.999857 -0.00718217 -0.777146 0.0253462 0.00679277 0.999656 78.4055
0.999187 -0.0225156 -0.0334487 -7.72404 0.0221538 0.999692 -0.0111497 -0.852957 0.0336895 0.0103996 0.999378 79.2896
0.999175 -0.0261994 -0.0310165 -7.80513 0.0257268 0.999548 -0.015539 -0.885356 0.0314096 0.0147283 0.999398 80.2503
0.999359 -0.0235983 -0.0269366 -7.86671 0.0231824 0.999609 -0.0156492 -0.921096 0.0272954 0.0150147 0.999515 81.2805
0.999615 -0.0183991 -0.0207684 -8.02816 0.0181346 0.999753 -0.0128521 -0.937148 0.0209997 0.0124706 0.999702 82.2509
0.999677 -0.0202683 -0.0153478 -8.09489 0.0201174 0.999748 -0.00992278 -0.954727 0.0155451 0.00961082 0.999833 83.1927
0.999646 -0.024228 -0.0110207 -8.07584 0.024167 0.999692 -0.00563773 -0.978331 0.0111539 0.00536939 0.999923 84.1155
0.99958 -0.0289622 -0.000996005 -8.18657 0.0289597 0.999578 -0.00238308 -0.984756 0.0010646 0.00235323 0.999997 85.0125
0.999609 -0.0249716 0.0125922 -8.36867 0.0250042 0.999684 -0.0024401 -0.997719 -0.0125273 0.002754 0.999918 85.9194
0.999367 -0.0198876 0.029512 -8.47089 0.019951 0.999799 -0.00185657 -1.04785 -0.0294691 0.00244419 0.999563 86.8937
0.998573 -0.0149766 0.0512521 -8.59699 0.015073 0.999885 -0.00149452 -1.03202 -0.0512239 0.00226491 0.998685 87.8607
0.9964 -0.0179056 0.0828593 -8.98008 0.0179058 0.999839 0.000740982 -1.09269 -0.0828593 0.000745349 0.996561 88.7709
0.993527 -0.0212862 0.111581 -8.99658 0.0211603 0.999773 0.00231253 -1.10153 -0.111605 6.35392e-05 0.993753 89.6832
0.989552 -0.0247117 0.142042 -8.87192 0.0240124 0.99969 0.00663521 -1.20142 -0.142162 -0.00315511 0.989838 90.6507
0.986061 -0.0243369 0.164596 -8.36756 0.0235446 0.9997 0.00676357 -1.11982 -0.164711 -0.00279394 0.986338 91.3939
0.981228 -0.0237854 0.191381 -7.79693 0.0229776 0.999715 0.0064393 -1.04971 -0.191479 -0.00192094 0.981495 92.2158
