1 0 0 0 0 1 0 0 0 0 1 0
0.999993 -0.00320675 -0.00204616 -0.109302 0.00320412 0.999994 -0.00128898 -0.00529524 0.00205028 0.00128242 0.999997 0.994156
0.999971 -0.00252604 -0.00715565 -0.097927 0.00251374 0.999995 -0.00172761 -0.029339 0.00715998 0.00170957 0.999973 1.93035
0.999931 -0.00224167 -0.0115482 -0.0835899 0.00220597 0.999993 -0.0031036 -0.0384871 0.0115551 0.00307791 0.999929 2.84812
0.999815 -0.00115067 -0.0192115 -0.0071047 0.001107 0.999997 -0.00228338 -0.0960119 0.0192141 0.00226169 0.999813 3.89242
0.999877 -0.00320455 -0.0153243 -0.359157 0.00319484 0.999995 -0.00065803 -0.158091 0.0153263 0.000608991 0.999882 4.90418
0.999737 -0.00159589 -0.0228696 -0.277205 0.00158758 0.999999 -0.00038129 -0.210918 0.0228702 0.000344883 0.999738 6.00612
0.999816 -0.00145115 -0.0191342 -0.67579 0.001397 0.999995 -0.00284304 -0.166705 0.0191382 0.00281578 0.999813 6.90159
0.999756 -0.00238855 -0.0219793 -0.843882 0.00235398 0.999996 -0.00159834 -0.140701 0.021983 0.00154621 0.999757 7.94265
0.9997 -0.00495654 -0.0239976 -1.01755 0.00498189 0.999987 0.000996572 -0.121289 0.0239923 -0.00111583 0.999712 8.95657
0.999581 -0.00570938 -0.0283889 -1.09036 0.00578715 0.99998 0.00265819 -0.0959845 0.0283731 -0.00282136 0.999593 10.027
0.999504 -0.00225002 -0.0314211 -1.08162 0.00231964 0.999995 0.00217919 -0.131432 0.0314161 -0.002251 0.999504 10.935
0.999471 -0.00068079 -0.0325244 -1.08472 0.000738306 0.999998 0.00175641 -0.152988 0.0325232 -0.00177949 0.999469 11.8485
0.999457 -0.00542599 -0.0324924 -1.14195 0.00546393 0.999984 0.00107886 -0.158883 0.032486 -0.00125581 0.999471 12.834
0.999332 -0.00666122 -0.0359358 -1.21265 0.00670508 0.999977 0.00110008 -0.137182 0.0359276 -0.0013403 0.999353 13.7308
0.999228 -0.00694164 -0.0386593 -1.19082 0.00696836 0.999976 0.000556325 -0.15291 0.0386545 -0.000825288 0.999252 14.4586
0.999099 -0.00268591 -0.0423584 -1.17024 0.00259818 0.999994 -0.00212612 -0.171048 0.0423638 0.00201415 0.9991 15.2216
0.999044 -0.00251937 -0.0436415 -1.26062 0.0023042 0.999985 -0.00498008 -0.168366 0.0436534 0.00487476 0.999035 16.1345
0.998892 0.00309647 -0.0469564 -1.2344 -0.00338347 0.999976 -0.00603368 -0.20881 0.0469366 0.00618587 0.998879 16.9279
0.998887 0.00398433 -0.0469911 -1.31066 -0.00426595 0.999974 -0.00589435 -0.215175 0.0469664 0.00608826 0.998878 17.8407
0.998863 -0.00133429 -0.0476606 -1.42359 0.00117391 0.999994 -0.003393 -0.200971 0.0476648 0.0033332 0.998858 18.8675
0.998852 0.00124294 -0.0478891 -1.45963 -0.00133848 0.999997 -0.0019631 -0.217117 0.0478865 0.00202495 0.998851 19.6386
0.998864 -0.00250685 -0.0475766 -1.55291 0.0024235 0.999995 -0.00180955 -0.200808 0.0475809 0.00169219 0.998866 20.4988
0.998785 -0.00542991 -0.0489805 -1.63534 0.00529574 0.999982 -0.0028687 -0.187759 0.0489952 0.00260583 0.998796 21.2309
0.998551 -0.00714035 -0.0533447 -1.568 0.00695313 0.999969 -0.00369427 -0.201638 0.0533694 0.00331801 0.998569 21.8497
0.998544 -0.00689971 -0.0535043 -1.62061 0.00677713 0.999974 -0.00247202 -0.203398 0.05352 0.00210581 0.998565 22.6292
0.998567 -0.00519967 -0.0532617 -1.67595 0.00524679 0.999986 0.000744895 -0.216781 0.0532571 -0.00102328 0.99858 23.4179
0.998574 -0.0066501 -0.0529743 -1.71889 0.00690263 0.999966 0.00458533 -0.213519 0.052942 -0.00494445 0.998585 24.2535
0.998667 -0.00591943 -0.0512749 -1.76967 0.00631854 0.999951 0.00762511 -0.241416 0.0512273 -0.00793893 0.998655 25.0996
0.998796 -0.00588667 -0.0487066 -1.9076 0.00627914 0.999949 0.0079089 -0.246027 0.0486576 -0.00820522 0.998782 26.0476
0.998964 -0.00453601 -0.0452722 -2.02946 0.00476932 0.999976 0.00504676 -0.263579 0.0452482 -0.00525745 0.998962 27.0108
0.999057 -0.00542267 -0.0430758 -2.15665 0.00542735 0.999985 -8.30919e-06 -0.252621 0.0430752 -0.000225486 0.999072 27.9829
0.999221 -0.00601981 -0.0390103 -2.36186 0.00590891 0.999978 -0.00295758 -0.273808 0.0390272 0.00272476 0.999234 29.0217
0.999228 -0.00790822 -0.0384826 -2.37522 0.00783495 0.999967 -0.00205433 -0.280766 0.0384976 0.00175124 0.999257 29.7252
0.999179 -0.00915046 -0.0394736 -2.36754 0.00926104 0.999954 0.00261949 -0.283091 0.0394478 -0.00298291 0.999217 30.418
0.999083 -0.014678 -0.04021 -2.39412 0.0149479 0.999868 0.00642111 -0.291564 0.0401104 -0.00701628 0.999171 31.1202
0.99886 -0.0220739 -0.0423347 -2.39457 0.0223703 0.999728 0.00654046 -0.308402 0.0421789 -0.00748005 0.999082 31.8681
0.998818 -0.0239791 -0.0422891 -2.51358 0.0241106 0.999706 0.00260145 -0.320581 0.0422142 -0.00361799 0.999102 32.7459
0.998686 -0.0221201 -0.0462228 -2.44989 0.0220718 0.999755 -0.00155576 -0.340069 0.0462459 0.0005335 0.99893 33.5926
0.998578 -0.0215835 -0.0487551 -2.48527 0.021509 0.999767 -0.00205137 -0.345364 0.048788 0.000999776 0.998809 34.4219
0.998511 -0.0224162 -0.0497306 -2.51124 0.022396 0.999749 -0.000963037 -0.340458 0.0497397 -0.000152163 0.998762 35.2377
0.998319 -0.0187308 -0.0548564 -2.43939 0.0188779 0.999819 0.00216399 -0.363842 0.054806 -0.00319593 0.998492 36.051
0.998194 -0.019991 -0.0566569 -2.49688 0.0202213 0.999789 0.00349507 -0.36448 0.0565751 -0.00463444 0.998388 36.9331
0.998045 -0.0200028 -0.0592182 -2.51417 0.0203835 0.999775 0.00583317 -0.357119 0.0590882 -0.00702885 0.998228 37.79
0.998057 -0.0206616 -0.0587749 -2.59136 0.0212232 0.999735 0.008947 -0.363685 0.0585744 -0.010177 0.998231 38.6747
0.997801 -0.0131031 -0.0649737 -2.5164 0.0138884 0.999836 0.0116491 -0.394946 0.0648104 -0.0125259 0.997819 39.6046
0.997667 -0.0123158 -0.0671554 -2.49267 0.0131832 0.999835 0.0124884 -0.429209 0.0669905 -0.0133446 0.997664 40.5923
0.997541 -0.0158145 -0.0682804 -2.57426 0.0166025 0.999802 0.010988 -0.402296 0.0680931 -0.0120946 0.997606 41.6714
0.997592 -0.0119668 -0.0683132 -2.62148 0.0126262 0.999878 0.00922927 -0.415426 0.0681944 -0.0100696 0.997621 42.5614
0.997627 -0.0111941 -0.0679407 -2.66497 0.0118169 0.999892 0.00877291 -0.414484 0.0678352 -0.00955494 0.997651 43.3664
0.997282 -0.0130045 -0.0725213 -2.61392 0.013622 0.999875 0.00802686 -0.391134 0.0724078 -0.00899292 0.997335 44.1769
0.997187 -0.0130523 -0.0738101 -2.68542 0.0137359 0.999867 0.0087624 -0.392828 0.0736859 -0.0097516 0.997234 45.0072
0.997147 -0.0116104 -0.0745827 -2.77007 0.0119975 0.999917 0.00474524 -0.391248 0.0745214 -0.00562652 0.997204 45.8689
0.99705 -0.0113447 -0.0759182 -2.82548 0.0114004 0.999935 0.000299896 -0.389181 0.0759098 -0.00116451 0.997114 46.6699
0.996964 -0.010487 -0.0771555 -2.89004 0.0104359 0.999945 -0.00106512 -0.396943 0.0771625 0.000256698 0.997018 47.4993
0.996997 -0.0107855 -0.0766904 -2.9669 0.010987 0.999937 0.00220581 -0.409009 0.0766618 -0.00304178 0.997053 48.2802
0.996989 -0.0107589 -0.0767953 -3.03246 0.011223 0.999921 0.00561515 -0.442606 0.0767289 -0.00646012 0.997031 49.1017
0.996999 -0.0115226 -0.0765486 -3.09729 0.01205 0.999907 0.00643033 -0.465845 0.0764673 -0.00733344 0.997045 49.894
0.99685 -0.0128137 -0.0782711 -3.0959 0.0133117 0.999894 0.00584414 -0.502235 0.0781879 -0.00686764 0.996915 50.6215
0.99703 -0.0145358 -0.0756279 -3.29367 0.0149833 0.999873 0.00535198 -0.550199 0.0755405 -0.00646924 0.997122 51.5229
0.997067 -0.0181688 -0.0743458 -3.4978 0.018676 0.999807 0.0061332 -0.52497 0.07422 -0.0075037 0.997214 52.5638
0.997025 -0.0205343 -0.0742919 -3.58391 0.0213409 0.999721 0.0100802 -0.537022 0.0740642 -0.0116357 0.997186 53.4788
0.996962 -0.0199582 -0.0752952 -3.66139 0.0211595 0.999661 0.0151909 -0.563357 0.0749664 -0.016738 0.997046 54.4166
0.996659 -0.0169879 -0.0798828 -3.5766 0.0184587 0.999673 0.0177099 -0.580883 0.0795558 -0.0191253 0.996647 55.2065
0.996943 -0.0165795 -0.0763486 -3.84575 0.0175518 0.999773 0.0120816 -0.542373 0.076131 -0.0133847 0.997008 56.0588
0.996911 -0.0134183 -0.0773887 -3.95626 0.0138534 0.999891 0.00508826 -0.591719 0.077312 -0.00614464 0.996988 57.0043
0.997047 -0.0111407 -0.0759833 -4.12509 0.0111493 0.999938 -0.000311444 -0.586171 0.075982 -0.000536634 0.997109 57.9812
0.996995 -0.00709719 -0.077137 -4.21501 0.00714866 0.999974 0.000391084 -0.59187 0.0771322 -0.000941334 0.99702 58.855
0.997252 -0.00497115 -0.0739221 -4.44234 0.00518207 0.999983 0.00266171 -0.603142 0.0739076 -0.00303747 0.99726 59.6535
0.997363 -0.0029415 -0.0725198 -4.61404 0.00318278 0.99999 0.00321169 -0.592121 0.0725096 -0.00343404 0.997362 60.4302
0.997291 -0.00206199 -0.0735349 -4.66903 0.00227462 0.999993 0.00280787 -0.599793 0.0735286 -0.00296753 0.997289 61.1035
0.997514 -0.000888175 -0.0704568 -4.90255 0.00105536 0.999997 0.00233573 -0.581481 0.0704545 -0.00240428 0.997512 61.8606
0.997599 -0.000154604 -0.0692595 -5.06649 0.000327272 0.999997 0.00248173 -0.578465 0.0692589 -0.00249843 0.997596 62.6289
0.997702 -0.000543755 -0.0677494 -5.24291 0.000815814 0.999992 0.00398807 -0.622327 0.0677467 -0.00403417 0.997694 63.3992
0.997665 -0.00133662 -0.0682873 -5.34485 0.00163098 0.99999 0.00425507 -0.607446 0.0682809 -0.00435651 0.997657 64.2057
0.997605 0.000705853 -0.0691716 -5.4334 -0.00027003 0.99998 0.00630976 -0.593276 0.0691746 -0.00627597 0.997585 64.9648
0.997938 0.00141145 -0.0641622 -5.71362 -0.000760222 0.999948 0.010173 -0.596931 0.0641732 -0.0101032 0.997888 65.715
0.998045 0.00330835 -0.0624059 -5.92699 -0.00264127 0.999939 0.0107688 -0.573971 0.0624377 -0.0105829 0.997993 66.4942
0.997985 0.00571737 -0.0631978 -6.03939 -0.00537096 0.99997 0.00564991 -0.550791 0.0632282 -0.00529909 0.997985 67.4421
0.997544 0.00615304 -0.0697777 -5.91067 -0.00628137 0.999979 -0.00161985 -0.565524 0.0697663 0.00205417 0.997561 68.3534
0.997073 0.0054149 -0.076264 -5.80042 -0.00588792 0.999965 -0.00597885 -0.627229 0.0762289 0.00641039 0.99707 69.2311
0.997486 0.0059454 -0.0706168 -6.07959 -0.00646615 0.999954 -0.00714789 -0.640247 0.070571 0.00758654 0.997478 69.9379
0.99777 0.00812263 -0.0662434 -6.38382 -0.0085025 0.999949 -0.00545457 -0.599412 0.0661957 0.00600564 0.997789 70.8527
0.997771 0.00796711 -0.0662592 -6.50722 -0.00821443 0.99996 -0.00346101 -0.629927 0.066229 0.00399758 0.997796 71.833
0.99767 0.00417876 -0.0681027 -6.53326 -0.00463031 0.999968 -0.0064739 -0.657742 0.0680735 0.00677415 0.997657 72.723
0.997328 -0.00360244 -0.0729648 -6.40071 0.00278974 0.999933 -0.0112371 -0.702709 0.0730004 0.0110035 0.997271 73.6342
0.997523 -0.00775783 -0.0699104 -6.52793 0.00664192 0.999847 -0.0161803 -0.715021 0.0700253 0.0156759 0.997422 74.4649
0.998053 -0.00512254 -0.0621687 -6.76787 0.00414576 0.999866 -0.0158305 -0.753961 0.0622415 0.0155419 0.99794 75.3282
0.99837 0.000205656 -0.0570657 -6.88765 -0.000925097 0.99992 -0.0125811 -0.776582 0.0570585 0.0126134 0.998291 76.1722
0.998861 -0.0014725 -0.0477006 -7.13489 0.000962358 0.999942 -0.0107159 -0.773122 0.0477136 0.0106577 0.998804 76.9627
0.998858 -0.00513922 -0.0474986 -6.98916 0.00486327 0.999971 -0.00592343 -0.811839 0.0475277 0.00568567 0.998854 77.7852
0.999123 -0.00990146 -0.0406776 -6.98206 0.00982333 0.99995 -0.00212018 -0.850013 0.0406965 0.00171873 0.99917 78.6196
0.999527 -0.0061189 -0.030124 -6.98599 0.00607131 0.99998 -0.00167105 -0.88034 0.0301336 0.00148737 0.999545 79.4817
0.999866 -0.00101543 -0.0163543 -6.97003 0.000984713 0.999998 -0.00188619 -0.899325 0.0163562 0.00186984 0.999864 80.3071
0.999988 0.00382467 0.00294427 -7.0197 -0.00382119 0.999992 -0.00118941 -0.909803 -0.00294879 0.00117815 0.999995 81.1324
0.999705 0.00280798 0.0241286 -6.9576 -0.00279074 0.999996 -0.000748191 -0.917441 -0.0241306 0.000680633 0.999709 81.9311
0.998728 -0.000382646 0.0504241 -6.88757 0.00037572 1 0.000146832 -0.923149 -0.0504242 -0.0001277 0.998728 82.7251
0.996776 -0.00152307 0.0802222 -6.80464 0.00133427 0.999996 0.00240702 -0.949452 -0.0802255 -0.00229222 0.996774 83.5006
0.994816 -0.0021637 0.101667 -6.33569 0.00171482 0.999988 0.00450234 -0.97549 -0.101675 -0.00430466 0.994808 84.3141
0.991459 -0.00230378 0.130401 -5.93217 0.0015504 0.999982 0.00587866 -1.00005 -0.130412 -0.00562628 0.991444 85.1749
