1 0 0 0 0 1 0 0 0 0 1 0
0.99999 -0.00289698 -0.00326509 -0.00201912 0.0028901 0.999994 -0.0021095 -0.00975761 0.00327118 0.00210004 0.999992 0.999997
0.999973 -0.00126573 -0.00719328 -0.0184099 0.00123873 0.999992 -0.00375679 -0.0148679 0.00719798 0.00374778 0.999967 1.94076
0.999939 -0.00116518 -0.011014 -0.0381012 0.00110806 0.999986 -0.00519091 -0.0201894 0.0110199 0.00517839 0.999926 2.89162
0.999875 0.000476163 -0.0158313 -0.0630088 -0.000568863 0.999983 -0.00585153 -0.0283468 0.0158283 0.0058598 0.999858 3.86072
0.999797 -0.000645088 -0.0201392 -0.0872605 0.000523169 0.999982 -0.00605851 -0.0396169 0.0201428 0.00604675 0.999779 4.83402
0.999698 0.00116088 -0.0245398 -0.121429 -0.00134127 0.999972 -0.00733567 -0.0500418 0.0245306 0.00736637 0.999672 5.81449
0.999561 0.00376102 -0.029401 -0.159818 -0.00399563 0.999961 -0.00792511 -0.0614409 0.02937 0.00803911 0.999536 6.78521
0.999423 0.00401873 -0.0337415 -0.196577 -0.00423112 0.999972 -0.00622549 -0.0709538 0.0337155 0.00636466 0.999411 7.71178
0.999265 0.00315562 -0.0382091 -0.232009 -0.00329236 0.999988 -0.00351656 -0.0810617 0.0381976 0.00363977 0.999264 8.57453
0.999123 0.0029246 -0.0417687 -0.27095 -0.00296298 0.999995 -0.000857027 -0.0918131 0.041766 0.000980035 0.999127 9.45596
0.999001 0.00449696 -0.0444682 -0.317123 -0.00456814 0.999988 -0.00149924 -0.102602 0.044461 0.00170088 0.99901 10.3465
0.998903 0.00409231 -0.0466584 -0.364281 -0.00418115 0.99999 -0.00180661 -0.10945 0.0466505 0.00199971 0.998909 11.2572
0.998828 0.00113952 -0.0483954 -0.408686 -0.00125936 0.999996 -0.00244595 -0.116537 0.0483925 0.00250403 0.998825 12.1834
0.998729 0.00116845 -0.0503967 -0.457316 -0.00125025 0.999998 -0.00159152 -0.126247 0.0503947 0.00165251 0.998728 13.1156
0.99866 -0.000467986 -0.0517519 -0.507937 0.000377318 0.999998 -0.00176173 -0.137954 0.0517527 0.00173984 0.998658 14.0578
0.998557 0.00194262 -0.0536721 -0.562528 -0.00216022 0.99999 -0.00399659 -0.149021 0.0536637 0.00410676 0.998551 14.9663
0.998483 0.00255929 -0.0550064 -0.618382 -0.00293347 0.999973 -0.0067228 -0.159321 0.0549877 0.00687396 0.998463 15.876
0.998375 0.00647798 -0.056625 -0.682159 -0.00696435 0.999941 -0.00839609 -0.17028 0.0565672 0.00877679 0.99836 16.7954
0.99831 0.00758223 -0.0576201 -0.734834 -0.008065 0.999934 -0.00815055 -0.180949 0.0575545 0.00860148 0.998305 17.6091
0.99824 0.00647951 -0.0589551 -0.784526 -0.00687421 0.999955 -0.00649458 -0.194901 0.0589104 0.00688842 0.99824 18.4044
0.99815 0.00740869 -0.0603387 -0.838183 -0.00772368 0.999958 -0.00498875 -0.206776 0.0602992 0.00544556 0.998165 19.2338
0.998088 0.00734246 -0.0613714 -0.890548 -0.00765869 0.999959 -0.00491908 -0.218391 0.0613327 0.00537969 0.998103 20.0329
0.997982 0.00730784 -0.0630827 -0.944933 -0.00767156 0.999955 -0.0055255 -0.23015 0.0630395 0.00599829 0.997993 20.8468
0.997926 0.00612046 -0.0640876 -0.997853 -0.00653648 0.999959 -0.00628381 -0.242357 0.0640465 0.00668968 0.997924 21.6648
0.99789 0.00643042 -0.0646141 -1.05278 -0.00674111 0.999967 -0.0045915 -0.252909 0.0645824 0.00501738 0.9979 22.4672
0.99789 0.00791007 -0.0644498 -1.11389 -0.00799929 0.999967 -0.00112637 -0.264612 0.0644388 0.00163955 0.99792 23.317
0.997941 0.00909515 -0.0634965 -1.17064 -0.00894607 0.999957 0.00263179 -0.275425 0.0635177 -0.00205833 0.997979 24.1408
0.998055 0.00787671 -0.0618412 -1.22671 -0.00755719 0.999957 0.0053991 -0.280815 0.061881 -0.00492125 0.998071 25.0065
0.998156 0.00802822 -0.0601606 -1.28533 -0.00767536 0.999952 0.00609403 -0.285653 0.0602066 -0.00562104 0.99817 25.9038
0.998242 0.00822909 -0.0587026 -1.34174 -0.00805614 0.999962 0.00318224 -0.292335 0.0587266 -0.00270373 0.99827 26.8
0.998292 0.00918788 -0.0576911 -1.4011 -0.00930646 0.999955 -0.00178721 -0.297745 0.0576721 0.00232106 0.998333 27.7213
0.998361 0.00838517 -0.0566054 -1.45604 -0.00867166 0.999951 -0.00481751 -0.305411 0.0565623 0.00530047 0.998385 28.6604
0.998421 0.00592958 -0.0558678 -1.50656 -0.00615176 0.999974 -0.0038058 -0.31738 0.0558438 0.00414347 0.998431 29.571
0.998422 0.0037879 -0.0560272 -1.5578 -0.0037341 0.999992 0.00106487 -0.32701 0.0560308 -0.000853979 0.998429 30.4664
0.998383 -2.6462e-05 -0.0568526 -1.60625 0.000289305 0.999989 0.00461501 -0.337146 0.0568519 -0.00462399 0.998372 31.3503
0.998282 -0.00917159 -0.0578719 -1.65126 0.00941728 0.999948 0.00397404 -0.344181 0.0578325 -0.00451221 0.998316 32.246
0.998175 -0.0115371 -0.059278 -1.70518 0.0115586 0.999933 1.99734e-05 -0.348404 0.0592738 -0.000705107 0.998242 33.1558
0.998107 -0.0107207 -0.0605534 -1.76558 0.0105004 0.999937 -0.00395527 -0.359881 0.060592 0.00331195 0.998157 34.0775
0.997997 -0.00950558 -0.0625475 -1.83092 0.00922183 0.999946 -0.00482364 -0.36855 0.06259 0.00423718 0.99803 35.0243
0.99795 -0.00953673 -0.0632818 -1.89503 0.0093395 0.999951 -0.00341187 -0.381941 0.0633112 0.00281386 0.99799 35.9773
0.997908 -0.00649948 -0.0643236 -1.96567 0.00647039 0.999979 -0.000660532 -0.395682 0.0643265 0.000242952 0.997929 36.9366
0.997834 -0.00691669 -0.0654166 -2.03534 0.00700183 0.999975 0.00107239 -0.407078 0.0654075 -0.0015281 0.997857 37.9032
0.997776 -0.0053829 -0.0664427 -2.09449 0.00562476 0.999978 0.00345358 -0.414823 0.0664227 -0.00381962 0.997784 38.7743
0.997803 -0.00561926 -0.0660065 -2.1649 0.0060636 0.99996 0.00653329 -0.421129 0.0659672 -0.00691917 0.997798 39.664
0.997748 0.00034844 -0.0670687 -2.20705 0.000253864 0.99996 0.00897167 -0.43096 0.0670691 -0.0089685 0.997708 40.5171
0.997674 0.000390131 -0.0681618 -2.24024 0.000189231 0.999964 0.00849315 -0.441191 0.0681627 -0.00848629 0.997638 41.3792
0.997659 0.000715878 -0.0683752 -2.28638 -0.000245492 0.999976 0.00688763 -0.450398 0.0683785 -0.00685472 0.997636 42.2718
0.997636 0.00286683 -0.0686663 -2.35658 -0.00253914 0.999985 0.00485899 -0.457377 0.0686792 -0.00467315 0.997628 43.2388
0.997566 0.00242206 -0.069682 -2.42722 -0.00208489 0.999986 0.00491097 -0.464775 0.0696929 -0.00475374 0.997557 44.1905
0.997477 0.000497292 -0.0709919 -2.49332 -6.77268e-05 0.999982 0.00605318 -0.471251 0.0709936 -0.0060331 0.997459 45.1471
0.997414 0.00106927 -0.0718635 -2.56583 -0.000572269 0.999976 0.00693611 -0.478048 0.0718691 -0.00687705 0.99739 46.1044
0.997392 0.00332356 -0.0721034 -2.63727 -0.00309324 0.99999 0.00330572 -0.486773 0.0721136 -0.00307407 0.997392 46.9867
0.997333 0.00414217 -0.0728682 -2.70726 -0.00422364 0.999991 -0.00096398 -0.495795 0.0728635 0.00126918 0.997341 47.8576
0.997286 0.00476381 -0.0734706 -2.76833 -0.00493149 0.999986 -0.00210098 -0.503927 0.0734595 0.0024576 0.997295 48.6288
0.997286 0.00336659 -0.0735499 -2.82924 -0.0032811 0.999994 0.00128319 -0.514716 0.0735537 -0.00103838 0.997291 49.4176
0.997275 0.00169549 -0.0737489 -2.8905 -0.00137412 0.999989 0.00440813 -0.525647 0.0737556 -0.00429478 0.997267 50.2422
0.997247 -0.000554838 -0.0741543 -2.95206 0.000931396 0.999987 0.00504355 -0.533506 0.0741506 -0.00509873 0.997234 51.0921
0.997236 -0.0038788 -0.0742042 -3.01625 0.00418012 0.999984 0.00390576 -0.544062 0.0741878 -0.00420515 0.997235 51.9548
0.997191 -0.00650061 -0.0746151 -3.07846 0.00670932 0.999974 0.00254681 -0.552765 0.0745966 -0.00304028 0.997209 52.8003
0.997095 -0.00782156 -0.0757698 -3.14347 0.00811541 0.999961 0.00357112 -0.560881 0.0757389 -0.00417564 0.997119 53.6586
0.996979 -0.0106694 -0.0769294 -3.20895 0.0112819 0.999908 0.00753225 -0.568342 0.0768419 -0.00837741 0.997008 54.5353
0.996917 -0.011683 -0.077587 -3.2723 0.0126903 0.999841 0.0125021 -0.573362 0.0774287 -0.0134481 0.996907 55.3754
0.996883 -0.0100774 -0.0782513 -3.34706 0.0112719 0.999826 0.0148385 -0.575903 0.0780882 -0.0156743 0.996823 56.2714
0.99678 -0.0090009 -0.0796736 -3.42373 0.00989377 0.999893 0.010819 -0.5794 0.0795677 -0.0115724 0.996762 57.1703
0.996689 -0.0072907 -0.0809843 -3.50327 0.00758013 0.999966 0.00326712 -0.584184 0.0809578 -0.00387017 0.99671 58.0885
0.996621 -0.00569953 -0.0819386 -3.58091 0.00559754 0.999983 -0.00147438 -0.591643 0.0819456 0.00101075 0.996636 58.9716
0.996556 -0.00034297 -0.0829273 -3.66722 0.000310087 1 -0.000409405 -0.604694 0.0829275 0.00038228 0.996556 59.8771
0.996477 0.00273849 -0.083818 -3.75038 -0.00258852 0.999995 0.00189782 -0.620026 0.0838227 -0.00167417 0.996479 60.7817
0.996382 0.00520172 -0.0848247 -3.83689 -0.00492642 0.999982 0.00345454 -0.636671 0.0848411 -0.00302416 0.99639 61.7084
0.996292 0.00586874 -0.0858359 -3.92239 -0.00560557 0.999979 0.00330668 -0.648024 0.0858535 -0.00281326 0.996304 62.6251
0.996141 0.00781012 -0.0874182 -4.0095 -0.00746382 0.999963 0.00428768 -0.661481 0.0874484 -0.00361866 0.996162 63.553
0.99602 0.00873567 -0.0887049 -4.09776 -0.00834204 0.999954 0.00480718 -0.675327 0.0887428 -0.00404806 0.996046 64.479
0.995886 0.00894207 -0.0901681 -4.18702 -0.0085062 0.99995 0.00521711 -0.688966 0.0902102 -0.00442866 0.995913 65.4247
0.995766 0.00902793 -0.0914777 -4.27711 -0.00848994 0.999944 0.00626854 -0.700214 0.0915292 -0.00546536 0.995787 66.3792
0.9956 0.0118569 -0.0929476 -4.37173 -0.01107 0.999898 0.00897724 -0.709961 0.0930446 -0.00790881 0.995631 67.3367
0.995571 0.0131787 -0.0930855 -4.47234 -0.0120107 0.999842 0.0130965 -0.71473 0.0932434 -0.0119205 0.995572 68.2903
0.995371 0.016372 -0.0947068 -4.56322 -0.0150305 0.999777 0.0148604 -0.720122 0.0949289 -0.0133681 0.995394 69.1443
0.995194 0.0191635 -0.0960295 -4.65618 -0.0182125 0.999776 0.0107697 -0.728722 0.0962144 -0.00896905 0.99532 69.9969
0.995057 0.0192963 -0.0974108 -4.73515 -0.0190523 0.999813 0.00343469 -0.738701 0.0974588 -0.00156181 0.995238 70.7501
0.994971 0.0179142 -0.0985499 -4.80001 -0.0182636 0.99983 -0.00264471 -0.742678 0.0984857 0.00443128 0.995129 71.5225
0.994916 0.0187316 -0.0989476 -4.88897 -0.0192148 0.999808 -0.00393265 -0.749894 0.0988549 0.00581392 0.995085 72.3381
0.994789 0.0214883 -0.0996654 -4.97537 -0.0216231 0.999766 -0.000272691 -0.766186 0.0996362 0.00242634 0.995021 73.1319
0.99466 0.0217161 -0.100896 -5.06133 -0.0216196 0.999764 0.00205011 -0.787559 0.100917 0.000142176 0.994895 73.9197
0.99481 0.0186854 -0.100019 -5.19673 -0.0188614 0.999822 -0.000814591 -0.812788 0.0999858 0.00269686 0.994985 74.7249
0.994817 0.0106769 -0.101117 -5.26237 -0.0112271 0.999925 -0.00487388 -0.869402 0.101058 0.00598387 0.994863 75.6461
0.994945 0.00671974 -0.1002 -5.34795 -0.00772891 0.999923 -0.00968685 -0.888877 0.100127 0.0104123 0.99492 76.6089
0.995247 0.00925851 -0.0969379 -5.45364 -0.0102706 0.999898 -0.00994634 -0.905634 0.0968359 0.0108947 0.995241 77.5774
0.995595 0.0142942 -0.0926646 -5.56266 -0.0149976 0.999864 -0.00689907 -0.928616 0.0925534 0.00825843 0.995673 78.5431
0.996043 0.0128007 -0.0879464 -5.64283 -0.0131765 0.999906 -0.00369378 -0.950956 0.0878909 0.00483799 0.996118 79.5118
0.99658 0.00915341 -0.0821199 -5.70913 -0.00913053 0.999958 0.000654186 -0.974835 0.0821225 9.7849e-05 0.996622 80.4847
0.997254 0.00473139 -0.0739008 -5.76213 -0.00443428 0.999981 0.0041839 -1.00174 0.0739193 -0.00384472 0.997257 81.4426
0.997969 0.00836506 -0.0631483 -5.82174 -0.00811945 0.999958 0.00414496 -1.01951 0.0631803 -0.00362381 0.997996 82.3777
0.998757 0.0135655 -0.0479672 -5.87543 -0.0134031 0.999903 0.00370608 -1.03444 0.0480128 -0.00305857 0.998842 83.3173
0.999373 0.0188838 -0.0299421 -5.90205 -0.0187628 0.999815 0.00431892 -1.04534 0.0300181 -0.00375442 0.999542 84.263
0.99982 0.0172237 -0.00790479 -5.88291 -0.0171862 0.999841 0.00478456 -1.05416 0.00798594 -0.00464785 0.999957 85.2128
0.999741 0.0137048 0.0181773 -5.82234 -0.0138102 0.999888 0.00568967 -1.06979 -0.0180973 -0.00593923 0.999819 86.1628
0.998783 0.0126583 0.0476625 -5.73885 -0.0130157 0.999889 0.00719511 -1.08368 -0.0475661 -0.00780672 0.998838 87.0901
0.996663 0.0122913 0.0806966 -5.62609 -0.0130322 0.999878 0.00866157 -1.09887 -0.0805802 -0.00968433 0.996701 87.9999
0.992915 0.0123745 0.118185 -5.47578 -0.0135501 0.999866 0.00914915 -1.11072 -0.118056 -0.0106857 0.992949 88.8944
