1 0 0 0 0 1 0 0 0 0 1 0
0.999993 -0.00363923 3.5332e-05 -0.201806 0.0036393 0.99999 -0.0024316 0.0135523 -2.64825e-05 0.00243172 0.999997 0.981226
0.999992 -0.00357165 -0.00168726 -0.350503 0.00356604 0.999988 -0.00331848 0.00355007 0.00169909 0.00331244 0.999993 1.93198
0.999959 -0.00410026 -0.00804812 -0.352886 0.00405838 0.999978 -0.00521352 0.0260723 0.00806932 0.00518064 0.999954 2.92017
0.999893 -0.00258889 -0.0144161 -0.330531 0.00252082 0.999986 -0.00473793 -0.0124214 0.0144281 0.00470108 0.999885 3.89282
0.999737 -0.00390235 -0.0226099 -0.277933 0.00380531 0.999983 -0.00433305 -0.0419078 0.0226265 0.00424588 0.999735 4.8411
0.999746 -0.00351769 -0.0222663 -0.565153 0.00336859 0.999972 -0.00672982 -0.0102681 0.0222893 0.0066531 0.999729 5.79303
0.99963 -0.0012802 -0.0271859 -0.655571 0.00105918 0.999966 -0.00814276 -0.00117149 0.0271954 0.00811095 0.999597 6.75889
0.9995 -0.0013396 -0.0315921 -0.751542 0.00110975 0.999973 -0.00729194 0.00916984 0.031601 0.00725323 0.999474 7.74647
0.999459 -0.00289364 -0.0327677 -0.955224 0.0027553 0.999987 -0.00426604 -0.000900447 0.0327796 0.00417344 0.999454 8.70299
0.999405 -0.00275383 -0.0343858 -1.07058 0.00264824 0.999992 -0.00311582 0.0289213 0.0343941 0.0030229 0.999404 9.66136
0.999415 -0.00266537 -0.0341052 -1.30009 0.00250876 0.999986 -0.0046339 0.0504275 0.034117 0.00454563 0.999408 10.6465
0.999429 -0.00311473 -0.0336341 -1.42395 0.00296116 0.999985 -0.00461494 0.0408426 0.033648 0.00451271 0.999424 11.5545
0.999379 -0.00589025 -0.034728 -1.50497 0.00570543 0.999969 -0.0054185 0.0318307 0.0347588 0.005217 0.999382 12.5121
0.999347 -0.0060621 -0.0356187 -1.65599 0.00586567 0.999967 -0.00561677 0.0385198 0.0356516 0.00540417 0.99935 13.5622
0.999307 -0.00672087 -0.0366036 -1.68601 0.00649881 0.99996 -0.00618211 0.0155705 0.0366437 0.00593994 0.999311 14.5213
0.999224 -0.0069535 -0.0387737 -1.76866 0.00663168 0.999943 -0.00842244 0.0130267 0.03883 0.00815876 0.999213 15.6235
0.999073 -0.00655089 -0.0425388 -1.74446 0.006067 0.999916 -0.0114944 -0.00753958 0.0426105 0.0112257 0.999029 16.5916
0.998971 -0.000804993 -0.0453453 -1.72845 0.000241544 0.999923 -0.0124299 -0.0456147 0.0453518 0.0124061 0.998894 17.4023
0.998994 -0.00224547 -0.0447969 -1.80009 0.00170948 0.999927 -0.0119996 -0.0378257 0.0448206 0.011911 0.998924 18.2262
0.998853 -0.0050325 -0.04762 -1.83245 0.00456111 0.99994 -0.0100024 -0.0507618 0.0476675 0.00977373 0.998815 19.1379
0.998709 -0.00574144 -0.0504669 -1.84523 0.00532492 0.999951 -0.00838379 -0.0670803 0.0505126 0.00810424 0.998691 19.8769
0.998586 -0.00497073 -0.0529279 -1.82667 0.00454662 0.999957 -0.00813045 -0.0909283 0.052966 0.00787831 0.998565 20.5403
0.9985 -0.00667726 -0.0543441 -1.90083 0.00620605 0.999942 -0.00883499 -0.0992271 0.0543999 0.00848447 0.998483 21.3054
0.998404 -0.0117514 -0.0552372 -2.00649 0.0112556 0.999894 -0.00927894 -0.0952376 0.0553403 0.0086424 0.99843 22.1778
0.998399 -0.0141474 -0.0547705 -2.09807 0.013745 0.999876 -0.00771654 -0.0907439 0.0548728 0.00695136 0.998469 23.1157
0.998359 -0.0152926 -0.0551932 -2.18261 0.0150684 0.999876 -0.00447545 -0.0766861 0.0552548 0.00363643 0.998466 24.104
0.998457 -0.0171725 -0.0527996 -2.31775 0.0171769 0.999852 -0.000369821 -0.0922913 0.0527982 -0.000537685 0.998605 25.0757
0.998541 -0.0176124 -0.0510381 -2.36607 0.0177552 0.99984 0.00234708 -0.105896 0.0509886 -0.00324985 0.998694 25.9704
0.998674 -0.0189041 -0.047886 -2.5537 0.019022 0.999817 0.00200854 -0.0784831 0.0478393 -0.00291676 0.998851 27.0232
0.998854 -0.0174618 -0.044557 -2.68139 0.017436 0.999848 -0.000967094 -0.0957854 0.0445671 0.00018909 0.999006 27.9368
0.998989 -0.0174992 -0.0414038 -2.81707 0.0172761 0.999834 -0.0057385 -0.101982 0.0414973 0.00501741 0.999126 28.8534
0.999038 -0.019018 -0.039513 -2.91371 0.0186976 0.999789 -0.0084635 -0.105784 0.0396656 0.00771656 0.999183 29.8056
0.999071 -0.022957 -0.0364695 -3.07517 0.0227375 0.999721 -0.00642235 -0.140452 0.0366068 0.00558716 0.999314 30.7801
0.999044 -0.0245812 -0.0361588 -3.13968 0.0245416 0.999698 -0.00153821 -0.158697 0.0361857 0.000649343 0.999345 31.6344
0.998966 -0.0258979 -0.0373717 -3.13785 0.026002 0.999659 0.00230213 -0.207328 0.0372993 -0.00327148 0.999299 32.431
0.9987 -0.0343889 -0.0376299 -3.21455 0.0345003 0.999402 0.00231535 -0.224063 0.0375278 -0.00361059 0.999289 33.2967
0.998654 -0.0363381 -0.037019 -3.37711 0.0363227 0.99934 -0.00108898 -0.263005 0.0370341 -0.00025711 0.999314 34.2514
0.998659 -0.0351784 -0.0379865 -3.36622 0.0350246 0.999375 -0.00470864 -0.291645 0.0381284 0.00337186 0.999267 35.185
0.998674 -0.0337169 -0.0388929 -3.41648 0.0335359 0.999423 -0.00529731 -0.308357 0.0390491 0.00398598 0.999229 36.1265
0.998621 -0.0344375 -0.0396174 -3.48818 0.0343161 0.999404 -0.00373964 -0.31756 0.0397226 0.00237497 0.999208 37.1261
0.998713 -0.0311828 -0.040001 -3.55951 0.0311744 0.999514 -0.000834676 -0.334408 0.0400076 -0.000413403 0.999199 38.1158
0.998765 -0.0299033 -0.0396815 -3.63624 0.0299308 0.999552 9.91691e-05 -0.357824 0.0396608 -0.00128675 0.999212 38.9941
0.998636 -0.0303628 -0.0424818 -3.65778 0.0305101 0.99953 0.00282324 -0.356378 0.0423762 -0.00411552 0.999093 39.9099
0.998625 -0.028947 -0.0436992 -3.65061 0.0292428 0.999553 0.00614657 -0.385401 0.0435018 -0.00741601 0.999026 40.7257
0.998799 -0.0245664 -0.0423858 -3.81984 0.0249399 0.999654 0.0083055 -0.379075 0.0421671 -0.00935263 0.999067 41.736
0.998894 -0.0238965 -0.0404977 -3.85774 0.0242501 0.999672 0.00826221 -0.39768 0.0402869 -0.00923514 0.999145 42.6184
0.998827 -0.025466 -0.0411849 -3.89508 0.0257562 0.999647 0.00652997 -0.389182 0.0410041 -0.00758308 0.99913 43.4602
0.998822 -0.0218516 -0.0433159 -3.86986 0.0220376 0.99975 0.0038231 -0.389476 0.0432215 -0.00477318 0.999054 44.253
0.998794 -0.0217934 -0.0439995 -3.90906 0.0219652 0.999753 0.00342529 -0.401329 0.0439139 -0.00438762 0.999026 45.0525
0.998504 -0.0231617 -0.0495298 -3.82463 0.0233956 0.999718 0.00414776 -0.404449 0.0494198 -0.00530034 0.998764 45.8396
0.998266 -0.0218819 -0.0546542 -3.75579 0.02217 0.999743 0.00467065 -0.409479 0.054538 -0.00587423 0.998494 46.6547
0.9983 -0.0185743 -0.0552487 -3.79663 0.0186798 0.999825 0.00139328 -0.431228 0.0552131 -0.00242295 0.998472 47.4914
0.998361 -0.0172606 -0.0545629 -3.89694 0.0171148 0.999849 -0.00313728 -0.435876 0.0546088 0.0021983 0.998505 48.3852
0.99841 -0.0174336 -0.053598 -4.00873 0.0172243 0.999842 -0.00436475 -0.447086 0.0536656 0.00343462 0.998553 49.3741
0.998416 -0.0190152 -0.052959 -4.0952 0.0190005 0.999819 -0.000780443 -0.462135 0.0529642 -0.000227043 0.998596 50.3194
0.998414 -0.020197 -0.0525465 -4.20673 0.0203465 0.99979 0.00231281 -0.476666 0.0524888 -0.00337828 0.998616 51.2885
0.998386 -0.0208061 -0.0528491 -4.31359 0.0209921 0.999775 0.00296655 -0.490545 0.0527755 -0.00407117 0.998598 52.2741
0.998218 -0.0249275 -0.0542152 -4.35871 0.0250409 0.999685 0.00141382 -0.480573 0.0541629 -0.0027689 0.998528 53.1606
0.99811 -0.0277213 -0.0548477 -4.41555 0.0277599 0.999615 -5.6876e-05 -0.494074 0.0548281 -0.0014658 0.998495 54.0256
0.998062 -0.0308063 -0.0540609 -4.55341 0.0309454 0.99952 0.00173822 -0.516428 0.0539814 -0.00340779 0.998536 54.9303
0.99789 -0.0354438 -0.0543989 -4.63197 0.035805 0.999343 0.00567949 -0.515905 0.0541619 -0.00761526 0.998503 55.8811
0.99797 -0.0359424 -0.0525819 -4.78457 0.0365615 0.999272 0.010859 -0.53141 0.0521533 -0.0127594 0.998558 56.793
0.998132 -0.0332424 -0.0512595 -4.9175 0.0339874 0.999328 0.0137318 -0.563181 0.0507686 -0.0154483 0.998591 57.6842
0.998186 -0.0318799 -0.0510689 -5.03901 0.0324528 0.999419 0.0104273 -0.601261 0.0507068 -0.0120657 0.998641 58.5623
0.998269 -0.0272476 -0.0521203 -5.09115 0.0273923 0.999623 0.00206437 -0.616754 0.0520444 -0.00348849 0.998639 59.3894
0.998313 -0.0250898 -0.0523518 -5.18067 0.0249507 0.999683 -0.00330747 -0.620635 0.0524182 0.00199568 0.998623 60.2446
0.998465 -0.0215954 -0.0509983 -5.35386 0.0214796 0.999765 -0.00281819 -0.609974 0.0510472 0.00171844 0.998695 61.1531
0.998617 -0.0193481 -0.0488833 -5.5495 0.0194 0.999812 0.000587804 -0.665498 0.0488628 -0.00153533 0.998804 62.105
0.998761 -0.0182591 -0.0462925 -5.77412 0.0183596 0.99983 0.00174669 -0.669339 0.0462527 -0.00259444 0.998926 62.9344
0.998774 -0.0184747 -0.045923 -5.88057 0.0185738 0.999826 0.00173349 -0.676869 0.045883 -0.00258433 0.998943 63.7355
0.998924 -0.0168441 -0.0431997 -6.11851 0.0169939 0.999851 0.00310357 -0.702269 0.0431409 -0.00383437 0.999062 64.6716
0.999009 -0.0161142 -0.0414828 -6.29842 0.0162595 0.999863 0.00316915 -0.704724 0.0414261 -0.0038405 0.999134 65.6056
0.999011 -0.0170293 -0.0410616 -6.44029 0.0171972 0.999845 0.00374153 -0.700095 0.0409915 -0.00444398 0.99915 66.5746
0.999061 -0.0172258 -0.0397653 -6.60044 0.0173949 0.999841 0.00391102 -0.691973 0.0396916 -0.00459906 0.999201 67.5046
0.999157 -0.015336 -0.038072 -6.78573 0.0156167 0.999853 0.00708807 -0.721475 0.0379577 -0.00767665 0.99925 68.4031
0.999263 -0.014434 -0.0355789 -6.99318 0.0148297 0.999831 0.0108853 -0.727457 0.0354157 -0.0114049 0.999308 69.2771
0.999229 -0.0119261 -0.0374133 -7.03771 0.0124031 0.999844 0.0125435 -0.729599 0.0372579 -0.0129978 0.999221 70.1462
0.999385 -0.00986752 -0.033638 -7.31414 0.010137 0.999918 0.00785023 -0.71158 0.0335578 -0.0081864 0.999403 71.0253
0.999381 -0.0100859 -0.0337017 -7.42226 0.0100873 0.999949 -0.000129788 -0.698441 0.0337013 -0.000210251 0.999432 71.9866
0.999382 -0.0109486 -0.0334122 -7.5507 0.0107236 0.999919 -0.00690528 -0.686054 0.0334851 0.00654271 0.999418 72.9356
0.999433 -0.00994447 -0.0321829 -7.65475 0.00971032 0.999925 -0.00742393 -0.729528 0.0322543 0.00710721 0.999454 73.7642
0.999458 -0.00778838 -0.0319815 -7.76014 0.0076665 0.999963 -0.00393175 -0.751031 0.032011 0.00368443 0.999481 74.689
0.999524 -0.00763546 -0.0298877 -7.96252 0.00757177 0.999969 -0.00224387 -0.763461 0.0299039 0.0020165 0.999551 75.6441
0.999536 -0.0112226 -0.0283015 -8.14337 0.011043 0.999918 -0.00649172 -0.750908 0.028372 0.00617617 0.999578 76.6216
0.99908 -0.0178921 -0.0389687 -7.79758 0.0175228 0.999798 -0.00979896 -0.848389 0.0391361 0.00910711 0.999192 77.4941
0.999166 -0.0217271 -0.0345713 -7.89584 0.0212389 0.99967 -0.0144272 -0.871099 0.0348734 0.013681 0.999298 78.3721
0.999359 -0.0189431 -0.0303756 -7.92959 0.0185174 0.999727 -0.0142371 -0.909695 0.030637 0.0136655 0.999437 79.3476
0.999628 -0.0136544 -0.0236031 -8.10962 0.0133856 0.999844 -0.011507 -0.925392 0.0237565 0.0111868 0.999655 80.3008
0.999728 -0.0154367 -0.0174984 -8.20333 0.0152929 0.999848 -0.00832134 -0.953072 0.0176242 0.00805147 0.999812 81.2895
0.999729 -0.0195143 -0.0126686 -8.19926 0.0194656 0.999803 -0.00395387 -0.978558 0.0127433 0.0037062 0.999912 82.2358
0.999707 -0.0240991 -0.00215411 -8.32261 0.0240975 0.999709 -0.000802991 -0.977053 0.00217283 0.000750847 0.999997 83.0878
0.99974 -0.02011 0.0107917 -8.48389 0.0201217 0.999797 -0.000976432 -0.987943 -0.0107699 0.00119332 0.999941 84.0172
0.999506 -0.0149265 0.0276703 -8.5804 0.0149416 0.999888 -0.000338888 -1.04022 -0.0276621 0.000752159 0.999617 84.9856
0.9987 -0.0103439 0.0499164 -8.70953 0.0103237 0.999946 0.000662966 -1.04745 -0.0499206 -0.000146781 0.998753 85.9035
0.996529 -0.0132124 0.0821872 -9.10641 0.0130289 0.999911 0.00276854 -1.09992 -0.0822165 -0.00168813 0.996613 86.7832
0.993667 -0.0165523 0.111137 -9.12421 0.0161873 0.99986 0.00418554 -1.10629 -0.111191 -0.00236002 0.993796 87.7222
0.989671 -0.0201334 0.141936 -8.9888 0.0191073 0.999781 0.00858852 -1.21143 -0.142078 -0.00578778 0.989839 88.7147
0.985715 -0.020558 0.167162 -8.59698 0.0190808 0.999763 0.0104384 -1.19923 -0.167337 -0.00709973 0.985874 89.4882
0.980448 -0.020661 0.195688 -8.09016 0.0188371 0.99976 0.0111771 -1.17062 -0.195872 -0.00727232 0.980602 90.322
