1 0 0 0 0 1 0 0 0 0 1 0
0.999994 -0.00338166 0.00063726 -0.200957 0.00338347 0.99999 -0.0028597 0.0134438 -0.000627584 0.00286184 0.999996 0.97851
0.999994 -0.00318607 -0.00100031 -0.362929 0.0031822 0.999988 -0.00384322 0.00425205 0.00101255 0.00384001 0.999992 2.00062
0.999976 -0.00383365 -0.00578726 -0.413095 0.00379997 0.999976 -0.00581978 0.0325363 0.00580944 0.00579765 0.999966 3.07073
0.999933 -0.00228002 -0.0113532 -0.403787 0.00221718 0.999982 -0.0055445 -0.00377297 0.0113657 0.00551896 0.99992 4.10626
0.999825 -0.00358977 -0.018353 -0.359834 0.00349507 0.99998 -0.00518929 -0.0336165 0.0183713 0.00512424 0.999818 5.07568
0.999833 -0.0031218 -0.0180134 -0.646934 0.0030002 0.999973 -0.00677333 -0.0265421 0.018034 0.00671815 0.999815 6.06604
0.999755 -0.000742948 -0.022102 -0.754166 0.000563597 0.999967 -0.00811982 -0.0176611 0.0221073 0.00810538 0.999723 7.09502
0.999657 -0.000797246 -0.0261743 -0.854984 0.000612006 0.999975 -0.00708445 -0.0102879 0.0261792 0.007066 0.999632 8.15859
0.999624 -0.00209571 -0.027345 -1.05733 0.00198272 0.999989 -0.00415855 -0.0201728 0.0273534 0.00410277 0.999617 9.13285
