1 0 0 0 0 1 0 0 0 0 1 0
0.999979 -0.00345011 -0.00557405 -0.01316 0.00344228 0.999993 -0.00141458 -0.0208794 0.00557889 0.00139536 0.999983 0.999695
0.999915 -0.00282859 -0.0127256 0.0885295 0.00279853 0.999993 -0.00237933 -0.0583324 0.0127322 0.00234352 0.999916 1.99381
0.999856 -0.00111563 -0.0169055 0.0751309 0.00103495 0.999988 -0.00478086 -0.0400755 0.0169107 0.00476268 0.999846 2.99355
0.999778 0.0018322 -0.0210016 0.0981744 -0.00197795 0.999974 -0.00692124 -0.0207152 0.0209884 0.00696125 0.999755 3.9931
0.999851 -0.00115933 -0.0172181 -0.297961 0.00103286 0.999972 -0.00735262 -0.026128 0.0172261 0.00733374 0.999825 4.91127
0.999689 -0.00241373 -0.0248338 -0.334871 0.00224015 0.999973 -0.00701534 -0.0456777 0.02485 0.00695753 0.999667 5.9104
0.999599 0.00101184 -0.0283125 -0.464971 -0.00125867 0.999961 -0.00870155 -0.0220117 0.0283026 0.00873369 0.999561 6.90162
0.999334 0.00142101 -0.0364533 -0.331609 -0.00158406 0.999989 -0.00444432 -0.109055 0.0364466 0.00449911 0.999325 7.88886
0.999211 0.000420236 -0.0397235 -0.495504 -0.000523992 0.999996 -0.00260159 -0.0944583 0.0397222 0.00262036 0.999207 8.87523
0.999097 0.000554776 -0.0424941 -0.542111 -0.000547433 1 0.000184446 -0.111008 0.0424942 -0.000161016 0.999097 9.874
0.999011 0.000903838 -0.0444535 -0.662827 -0.000898929 1 0.000130403 -0.136296 0.0444536 -9.0314e-05 0.999011 10.8664
0.999031 -0.000802265 -0.0440066 -0.792967 0.000849898 0.999999 0.0010637 -0.154999 0.0440057 -0.00110007 0.999031 11.8577
0.998951 -0.00474489 -0.0455471 -0.820101 0.00479274 0.999988 0.000941345 -0.152788 0.0455421 -0.00115865 0.998962 12.8573
0.998997 -0.00662865 -0.0442872 -1.06183 0.00668575 0.999977 0.00114147 -0.13173 0.0442786 -0.00143641 0.999018 13.8274
0.998971 -0.00689284 -0.0448363 -1.13275 0.00693802 0.999976 0.000852151 -0.138978 0.0448293 -0.00116235 0.998994 14.8249
0.999293 -0.00535806 0.0371997 -2.09887 0.00613336 0.999766 -0.020759 0.0937037 -0.0370798 0.0209725 0.999092 14.7132
0.999316 -0.00463819 0.036689 -2.08909 0.00550454 0.999708 -0.0235478 0.0662872 -0.036569 0.0237336 0.999049 15.7128
0.999324 -0.00343228 0.0365898 -2.18703 0.00438353 0.999654 -0.0259493 0.067108 -0.0364881 0.0260921 0.998993 16.708
0.992697 -0.00606625 0.120481 -3.18648 0.00890191 0.999696 -0.0230118 0.0535337 -0.120305 0.0239163 0.992449 16.7381
0.992871 -0.00889355 0.118858 -3.05056 0.0115846 0.999692 -0.0219695 0.0650273 -0.118626 0.0231899 0.992668 17.7288
0.993034 -0.00927774 0.117463 -2.93117 0.0117753 0.999719 -0.020586 0.0532151 -0.117239 0.0218258 0.992864 18.7216
0.993034 -0.00927774 0.117463 -2.93141 0.0117753 0.999719 -0.020586 0.040757 -0.117239 0.0218258 0.992864 19.7215
0.993355 -0.00748296 0.114849 -2.71129 0.00999471 0.999723 -0.0213098 -0.0117807 -0.114658 0.0223161 0.993154 20.6955
0.993571 -0.00723965 0.112978 -2.54535 0.00990837 0.999685 -0.0230779 -0.0420562 -0.112776 0.0240489 0.993329 21.6812
0.99364 -0.0110506 0.112057 -2.50937 0.0135611 0.999673 -0.0216662 -0.0325237 -0.111781 0.0230481 0.993466 22.6805
0.993866 -0.0073748 0.110344 -2.35661 0.00943543 0.99979 -0.0181641 -0.0939097 -0.110187 0.0190938 0.993727 23.6669
0.994066 -0.0085072 0.108447 -2.14118 0.0102456 0.999828 -0.0154825 -0.0870203 -0.108297 0.0165017 0.993982 24.6434
0.993886 -0.00871444 0.110065 -1.9914 0.0101818 0.999867 -0.0127769 -0.128232 -0.109939 0.0138194 0.993842 25.6312
0.993798 -0.0138877 0.110326 -1.87885 0.0154947 0.999786 -0.0137224 -0.0877717 -0.110111 0.0153468 0.993801 26.624
0.993391 -0.00980695 0.114359 -1.92231 0.0115574 0.999826 -0.0146534 -0.199944 -0.114195 0.0158782 0.993331 27.6168
0.99343 -0.00418321 0.114367 -1.74801 0.00661752 0.999759 -0.0209138 -0.229004 -0.114252 0.0215332 0.993218 28.601
0.994069 -0.00228949 0.108731 -1.47048 0.00487563 0.999711 -0.0235248 -0.289309 -0.108646 0.0239154 0.993793 29.5599
0.994184 -0.00924258 0.107299 -1.38791 0.0118433 0.999651 -0.0236262 -0.259704 -0.107043 0.0247595 0.993946 30.556
0.994082 -0.0172926 0.107251 -1.3381 0.0196027 0.999597 -0.0205232 -0.223636 -0.106853 0.0225042 0.99402 31.5541
0.994509 -0.019037 0.102906 -1.10487 0.021094 0.999598 -0.0189384 -0.24861 -0.102504 0.0210051 0.994511 32.5262
0.994373 -0.0273786 0.102334 -1.05599 0.0296024 0.999356 -0.0202751 -0.250316 -0.101713 0.0231903 0.994543 33.525
0.994332 -0.0285851 0.102402 -1.09414 0.0312279 0.999217 -0.0242982 -0.268735 -0.101628 0.0273583 0.994446 34.5241
0.99433 -0.0268328 0.102898 -1.0755 0.0298152 0.999176 -0.0275558 -0.325989 -0.102074 0.0304674 0.99431 35.5223
0.994388 -0.0306371 0.101262 -1.04506 0.0338253 0.99898 -0.0299195 -0.269635 -0.100242 0.0331768 0.99441 36.5203
0.994179 -0.034738 0.10199 -1.07079 0.0379932 0.998823 -0.0301497 -0.247734 -0.100822 0.0338491 0.994328 37.5197
0.994345 -0.0336034 0.100738 -1.00439 0.0365213 0.998961 -0.0272621 -0.300574 -0.099717 0.030787 0.994539 38.5161
0.994198 -0.0333285 0.102269 -1.01357 0.0359976 0.999055 -0.0243645 -0.388045 -0.10136 0.0279046 0.994458 39.5122
0.994348 -0.0311237 0.101506 -0.940531 0.0336962 0.99915 -0.0237273 -0.37383 -0.100682 0.0270135 0.994552 40.5094
0.994163 -0.0330682 0.102693 -0.931361 0.0354466 0.999142 -0.0214226 -0.388787 -0.101896 0.0249376 0.994482 41.5093
0.994061 -0.0301007 0.104582 -0.97862 0.0321947 0.999312 -0.0183923 -0.409144 -0.103956 0.0216501 0.994346 42.508
0.994085 -0.0323599 0.103675 -0.892404 0.0343959 0.999248 -0.0179102 -0.45951 -0.103017 0.0213702 0.99445 43.503
0.994095 -0.0304233 0.104164 -0.699941 0.032615 0.99928 -0.019402 -0.5152 -0.103499 0.0226847 0.994371 44.4827
0.994324 -0.0273461 0.102824 -0.577731 0.0298019 0.999304 -0.0224233 -0.538573 -0.102139 0.0253604 0.994447 45.4749
0.994301 -0.0305187 0.102147 -0.563033 0.0329907 0.9992 -0.0225989 -0.552913 -0.101375 0.02584 0.994513 46.4747
0.994393 -0.0310164 0.101099 -0.484367 0.0333726 0.999207 -0.0216976 -0.604006 -0.100346 0.0249499 0.99464 47.4703
0.994445 -0.0313138 0.100487 -0.422612 0.033579 0.999217 -0.0209301 -0.62765 -0.0997533 0.0241881 0.994718 48.4681
0.994579 -0.0278848 0.100179 -0.358516 0.0304988 0.999231 -0.0246567 -0.665469 -0.0994141 0.0275783 0.994664 49.4653
0.994619 -0.0253463 0.100453 -0.333832 0.0284226 0.999166 -0.0293125 -0.708783 -0.0996266 0.0320099 0.99451 50.4641
0.994619 -0.0251902 0.100489 -0.222673 0.0284063 0.999125 -0.0307033 -0.728308 -0.0996272 0.0333926 0.994464 51.4577
0.994809 -0.0236601 0.098967 -0.0342057 0.0265336 0.999261 -0.0278208 -0.772428 -0.0982356 0.0303024 0.994702 52.4388
0.995057 -0.0264342 0.0957186 0.0935967 0.0291262 0.999215 -0.0268367 -0.775463 -0.0949341 0.029492 0.995047 53.4306
0.994933 -0.0311482 0.0955925 0.150385 0.033867 0.999063 -0.0269516 -0.796 -0.0946634 0.0300525 0.995056 54.4288
0.994547 -0.0359704 0.0978849 0.106301 0.0388273 0.998869 -0.0274392 -0.856836 -0.0967872 0.0310902 0.994819 55.4259
0.994537 -0.0337783 0.0987725 0.187465 0.0368501 0.998887 -0.0294423 -0.92185 -0.097668 0.0329212 0.994674 56.4205
0.994374 -0.0329547 0.100673 0.138524 0.0359686 0.998953 -0.0282704 -0.979076 -0.0996364 0.0317324 0.994518 57.4177
0.993967 -0.0423887 0.101161 0.0953234 0.0450376 0.998696 -0.0240453 -0.978519 -0.100009 0.0284563 0.994579 58.4167
0.982123 -0.0447188 0.182853 -0.864674 0.050475 0.998362 -0.0269454 -0.901317 -0.181349 0.0356932 0.982771 58.6859
0.981778 -0.0424473 0.18523 -0.819851 0.0478557 0.998546 -0.0248236 -0.934356 -0.183907 0.0332356 0.982382 59.6843
0.981649 -0.0450565 0.185298 -0.772132 0.0515207 0.998215 -0.0302175 -0.928146 -0.183606 0.0392096 0.982218 60.6832
0.981583 -0.0425547 0.186237 -0.673891 0.0505554 0.997982 -0.0384212 -0.954258 -0.184226 0.0471288 0.981753 61.678
0.981707 -0.0411526 0.185895 -0.506255 0.0501657 0.997769 -0.0440422 -0.971611 -0.183668 0.0525622 0.981582 62.6637
0.982056 -0.0348566 0.18534 -0.372698 0.0437725 0.998062 -0.0442324 -1.01288 -0.183439 0.0515515 0.981678 63.6539
0.982575 -0.0322151 0.183055 -0.212889 0.0403634 0.998345 -0.0409621 -1.11324 -0.181433 0.0476371 0.982249 64.6359
0.983369 -0.0287774 0.179325 0.0817988 0.0364929 0.998538 -0.0398757 -1.16178 -0.177915 0.0457566 0.982982 65.5903
0.983519 -0.0264008 0.17887 0.191147 0.0340955 0.998615 -0.0400814 -1.2331 -0.177564 0.0455194 0.983056 66.5817
0.976709 -0.0269723 0.212868 -0.60395 0.0347507 0.998855 -0.0328834 -1.41274 -0.211738 0.0395148 0.976527 67.161
0.975923 -0.0255773 0.216608 -0.620016 0.0333815 0.998916 -0.0324467 -1.45135 -0.215544 0.0388962 0.975719 68.1601
0.97563 -0.0270127 0.217752 -0.562588 0.0352436 0.9988 -0.0340039 -1.44675 -0.216572 0.0408496 0.975412 69.1584
0.975903 -0.0257482 0.216679 -0.323412 0.0336358 0.998896 -0.0327927 -1.51017 -0.215595 0.0392907 0.975692 70.1273
0.975832 -0.0230988 0.217296 -0.147953 0.0303908 0.999079 -0.0302754 -1.5695 -0.216397 0.0361475 0.975636 71.11
0.976734 -0.0223709 0.213282 0.167715 0.0286434 0.999242 -0.0263641 -1.60812 -0.212531 0.0318598 0.976635 72.0581
0.97633 -0.0212486 0.215238 0.223202 0.0271525 0.999331 -0.02451 -1.66933 -0.214573 0.0297741 0.976254 73.0547
0.976411 -0.0175963 0.2152 0.379179 0.0242981 0.999297 -0.0285366 -1.74039 -0.214547 0.0330924 0.976153 74.0399
0.975697 -0.0150859 0.218606 0.403583 0.0233856 0.999099 -0.0354289 -1.80768 -0.217875 0.0396801 0.97517 75.0373
0.975986 -0.0150737 0.217311 0.560831 0.0245429 0.99886 -0.0409414 -1.85787 -0.216446 0.0452917 0.975243 76.0236
0.974895 -0.0128392 0.222294 0.567885 0.0231653 0.998767 -0.0439075 -1.85812 -0.221456 0.0479547 0.97399 77.0236
0.972578 -0.0141749 0.232145 0.336655 0.0237094 0.998984 -0.0383329 -1.99099 -0.231366 0.0427858 0.971926 77.9874
0.972073 -0.0148911 0.234205 0.408223 0.0238209 0.999091 -0.0353458 -2.09729 -0.233465 0.0399377 0.971545 78.9791
0.972913 -0.0188987 0.230399 0.777821 0.0281257 0.998926 -0.0368296 -2.2038 -0.229456 0.0423122 0.972399 79.9022
0.974942 -0.0252435 0.221022 1.33598 0.0353517 0.998496 -0.0418977 -2.26038 -0.219632 0.0486613 0.974368 80.73
0.97429 -0.0291653 0.2234 1.47378 0.0403106 0.998151 -0.0454918 -2.31877 -0.22166 0.0533276 0.973665 81.7187
0.976125 -0.0264305 0.215593 2.04842 0.0374493 0.998184 -0.0471844 -2.32971 -0.213955 0.0541317 0.975343 82.5371
0.978109 -0.022328 0.206893 2.65009 0.0318872 0.998567 -0.0429843 -2.40994 -0.205636 0.0486405 0.977419 83.3318
0.976743 -0.0233988 0.213132 2.84301 0.0326325 0.99867 -0.0399092 -2.45094 -0.211915 0.0459361 0.976208 84.3121
0.972802 -0.0290624 0.229806 2.59607 0.0386637 0.998553 -0.0373873 -2.45362 -0.228387 0.0452556 0.972518 85.2812
0.971548 -0.0345233 0.234312 3.02224 0.0433652 0.998524 -0.032687 -2.54518 -0.232838 0.041918 0.971612 86.1812
0.968947 -0.0305465 0.245373 3.25105 0.0397299 0.99868 -0.0325624 -2.5934 -0.244054 0.0412999 0.968882 87.1534
0.964566 -0.0256398 0.262593 3.35211 0.0349678 0.99891 -0.0309105 -2.68081 -0.261515 0.0389975 0.964411 88.1445
0.95965 -0.0197278 0.280504 3.5472 0.0294132 0.999106 -0.0303603 -2.70797 -0.279655 0.0373858 0.959373 89.1249
0.956519 -0.0216574 0.290864 4.20061 0.0314966 0.999078 -0.029188 -2.72215 -0.289963 0.0370801 0.956319 89.8818
0.949583 -0.0255764 0.31247 4.62108 0.0357958 0.998994 -0.027012 -2.78385 -0.311465 0.0368352 0.949543 90.787
0.940161 -0.0287585 0.339515 5.07028 0.0391716 0.998948 -0.0238558 -2.82969 -0.338471 0.0357276 0.940298 91.6792
0.933377 -0.0302971 0.357615 5.80293 0.0394333 0.999055 -0.0182812 -2.94363 -0.356723 0.0311652 0.93369 92.3502
0.920619 -0.0275658 0.389488 6.35933 0.0377786 0.999113 -0.0185842 -2.87546 -0.38863 0.0318233 0.920844 93.1783
