1 0 0 0 0 1 0 0 0 0 1 0
0.999983 -0.00493548 -0.00303025 -0.0649983 0.00492793 0.999985 -0.00249241 0.0372465 0.00304251 0.00247744 0.999992 0.997268
0.999961 -0.00387917 -0.00791227 -0.0560767 0.0038504 0.999986 -0.00364811 0.0214218 0.00792631 0.00361751 0.999962 1.74656
0.999954 -0.00473937 -0.00838947 -0.176341 0.00469124 0.999972 -0.00574662 0.0335761 0.00841647 0.00570699 0.999948 2.40859
0.999906 -0.00317412 -0.0133279 -0.187104 0.00309163 0.999976 -0.00620527 0.0227285 0.0133472 0.00616348 0.999892 3.03393
0.999826 -0.00358754 -0.0182954 -0.177968 0.00348013 0.999977 -0.0058992 0.00194573 0.0183162 0.00583451 0.999815 3.73988
0.999733 -0.00190559 -0.0230352 -0.185687 0.00176106 0.999979 -0.00629279 -0.0246092 0.0230467 0.00625055 0.999715 4.48227
0.999597 0.0002154 -0.0283911 -0.189624 -0.000404343 0.999978 -0.00664944 -0.0395855 0.028389 0.00665824 0.999575 5.23461
0.999406 0.000404497 -0.0344483 -0.20269 -0.000567628 0.999989 -0.0047259 -0.0524274 0.034446 0.00474265 0.999395 6.05807
0.999286 -0.000565704 -0.0377706 -0.310713 0.000454567 0.999996 -0.00295093 -0.0345398 0.0377721 0.00293166 0.999282 6.99332
0.999289 -0.00111384 -0.037685 -0.455713 0.00110476 0.999999 -0.000261764 -0.0350023 0.0376852 0.000219945 0.99929 7.86896
0.999239 -0.000580158 -0.0389886 -0.596749 0.000550146 1 -0.000780492 -0.0394033 0.038989 0.000758449 0.999239 8.82961
0.999224 -0.00137103 -0.039364 -0.757773 0.00128183 0.999997 -0.00229117 -0.0203787 0.039367 0.00223893 0.999222 9.81017
0.999169 -0.00372045 -0.040596 -0.806916 0.00359555 0.999989 -0.00314924 -0.0242191 0.0406073 0.00300066 0.999171 10.605
0.99905 -0.00457639 -0.0433379 -0.878016 0.00449 0.999988 -0.00209057 -0.0326134 0.043347 0.001894 0.999058 11.5172
0.999036 -0.00509904 -0.0436021 -0.92397 0.00492111 0.999979 -0.00418695 -0.0233311 0.0436226 0.00396834 0.99904 12.3308
0.998923 -0.00278947 -0.0463043 -0.976501 0.00247712 0.999974 -0.0068017 -0.0311841 0.0463221 0.00667968 0.998904 13.2459
0.998887 -0.00214529 -0.0471236 -1.05286 0.00169575 0.999953 -0.00957734 -0.0419674 0.0471419 0.00948677 0.998843 14.1851
0.998726 0.00358996 -0.0503269 -1.03979 -0.00412104 0.999937 -0.010453 -0.0785813 0.0502862 0.0106471 0.998678 15.0538
0.998619 0.0075186 -0.0519905 -1.02576 -0.00805121 0.999917 -0.0100424 -0.134514 0.0519106 0.0104471 0.998597 15.892
0.998407 0.00964698 -0.0555995 -1.01301 -0.0101369 0.999912 -0.00853601 -0.17805 0.0555122 0.00908601 0.998417 16.7551
0.998211 0.00942674 -0.0590501 -1.05344 -0.00987739 0.999924 -0.00734453 -0.179538 0.0589764 0.00791465 0.998228 17.6802
0.998235 0.00707749 -0.0589582 -1.13014 -0.00752086 0.999945 -0.00730164 -0.182842 0.0589033 0.00773217 0.998234 18.5038
0.998219 0.00640432 -0.0593057 -1.24439 -0.00690339 0.999942 -0.00821421 -0.185372 0.0592497 0.008609 0.998206 19.4034
0.997998 0.00702001 -0.0628557 -1.21187 -0.00753659 0.99994 -0.00798513 -0.240997 0.0627958 0.00844286 0.997991 20.2071
0.997877 0.00548327 -0.064894 -1.26941 -0.00594597 0.999958 -0.00693922 -0.23592 0.0648532 0.00731035 0.997868 21.0847
0.997916 0.00812056 -0.0640207 -1.35987 -0.00838385 0.999957 -0.00384498 -0.244233 0.0639868 0.0043737 0.997941 21.8943
0.997997 0.00776489 -0.0627903 -1.4726 -0.00780331 0.999969 -0.000366633 -0.238838 0.0627856 0.000855871 0.998027 22.7622
0.99811 0.0059583 -0.0611693 -1.56025 -0.00578906 0.999979 0.00294348 -0.245897 0.0611855 -0.0025838 0.998123 23.6003
0.998259 0.00610716 -0.0586622 -1.63296 -0.00590338 0.999976 0.00364633 -0.25366 0.0586831 -0.00329368 0.998271 24.3681
0.998426 0.00845343 -0.0554475 -1.81016 -0.00838616 0.999964 0.00144578 -0.308569 0.0554577 -0.000978511 0.998461 25.3159
0.998455 0.01137 -0.0543974 -1.83645 -0.0115341 0.99993 -0.00270482 -0.345663 0.0543629 0.00332807 0.998516 26.1281
0.998479 0.0094827 -0.0543106 -1.88118 -0.00983206 0.999933 -0.00616902 -0.338921 0.0542484 0.00669363 0.998505 27.0299
0.998569 0.00638077 -0.0531007 -2.01223 -0.00671137 0.999959 -0.00604996 -0.329746 0.0530599 0.00639767 0.998571 28.0098
0.998609 0.00394372 -0.0525722 -2.07488 -0.00404504 0.99999 -0.00182099 -0.315577 0.0525645 0.00203111 0.998615 28.8956
0.998696 0.00108738 -0.0510386 -2.20091 -0.00105885 0.999999 0.00058595 -0.320049 0.0510392 -0.000531143 0.998697 29.8035
0.998681 -0.00605577 -0.050993 -2.28429 0.00606136 0.999982 -4.49227e-05 -0.33442 0.0509923 -0.000264223 0.998699 30.7022
0.998687 -0.00651566 -0.0508163 -2.42494 0.00637137 0.999975 -0.00300102 -0.385401 0.0508346 0.00267331 0.998704 31.6232
0.998446 -0.00310873 -0.0556353 -2.37231 0.0027412 0.999974 -0.00668107 -0.439552 0.0556546 0.00651818 0.998429 32.5393
0.998377 -0.00270329 -0.0568866 -2.49869 0.00233206 0.999976 -0.00659114 -0.464069 0.056903 0.00644778 0.998359 33.4554
0.998307 -0.00502458 -0.0579399 -2.61595 0.00463774 0.999966 -0.00680898 -0.42343 0.0579721 0.00652875 0.998297 34.427
0.99843 -0.00114446 -0.0559954 -2.78975 0.000939107 0.999993 -0.00369346 -0.451057 0.0559992 0.00363507 0.998424 35.3326
0.998344 0.0012678 -0.0575065 -2.84653 -0.00145719 0.999994 -0.00325153 -0.468126 0.057502 0.00332994 0.99834 36.1619
0.998215 0.00346604 -0.0596285 -2.87159 -0.00355738 0.999993 -0.00142574 -0.475146 0.0596232 0.00163532 0.99822 37.0571
0.998238 0.00345646 -0.0592316 -2.96819 -0.00337197 0.999993 0.00152622 -0.487238 0.0592365 -0.00132381 0.998243 37.9808
0.99792 0.0124143 -0.0632622 -2.97622 -0.0122234 0.99992 0.00340246 -0.512912 0.0632993 -0.0026221 0.997991 38.9412
0.998032 0.0131316 -0.0613241 -3.13296 -0.0129826 0.999912 0.00282731 -0.531756 0.0613559 -0.00202559 0.998114 39.9074
0.998058 0.0173234 -0.0598367 -3.20146 -0.017257 0.99985 0.00162478 -0.583685 0.0598558 -0.000589026 0.998207 40.8996
0.998156 0.0206644 -0.0570721 -3.39484 -0.0207245 0.999785 -0.000462541 -0.606398 0.0570503 0.00164448 0.99837 41.8614
0.998126 0.0182141 -0.0584117 -3.48444 -0.0182958 0.999832 -0.000863421 -0.591259 0.0583862 0.00193049 0.998292 42.8324
0.997785 0.0181398 -0.0640001 -3.41159 -0.0181777 0.999835 -9.87034e-06 -0.611412 0.0639893 0.00117322 0.99795 43.7158
0.997699 0.0168473 -0.0656722 -3.4864 -0.0168114 0.999858 0.00109921 -0.619214 0.0656814 7.35425e-06 0.997841 44.6557
0.997705 0.0166975 -0.0656158 -3.59847 -0.0169291 0.999852 -0.00297414 -0.609054 0.0655565 0.00407813 0.997841 45.5637
0.997634 0.0173024 -0.0665381 -3.67398 -0.0178172 0.999816 -0.00715006 -0.62223 0.0664021 0.00831866 0.997758 46.4189
0.997726 0.0163834 -0.0653746 -3.85044 -0.0169867 0.999818 -0.0086845 -0.620441 0.0652204 0.00977526 0.997823 47.3502
0.997737 0.0149778 -0.065547 -3.9203 -0.0153653 0.999867 -0.00541168 -0.631741 0.0654572 0.00640658 0.997835 48.2223
0.997882 0.0134073 -0.063651 -4.09969 -0.0135902 0.999905 -0.00244116 -0.655698 0.0636122 0.00330102 0.997969 49.2208
0.997912 0.0107673 -0.0636891 -4.19789 -0.0109628 0.999936 -0.00272056 -0.642946 0.0636557 0.00341309 0.997966 50.1613
0.997848 0.00791482 -0.0650933 -4.23444 -0.0081954 0.999958 -0.00404444 -0.661599 0.0650586 0.0045692 0.997871 51.0376
0.997943 0.00493977 -0.0639237 -4.36591 -0.00529196 0.999972 -0.00534149 -0.674076 0.0638955 0.00566878 0.99794 51.8494
0.998083 0.00203485 -0.0618575 -4.56722 -0.00234889 0.999985 -0.00500448 -0.641188 0.0618463 0.00514019 0.998072 52.8081
0.998061 -0.00105016 -0.0622366 -4.64374 0.000992018 0.999999 -0.000965114 -0.651246 0.0622376 0.000901502 0.998061 53.7898
0.997969 -0.0029683 -0.0636384 -4.68678 0.00322472 0.999987 0.00392702 -0.656827 0.0636259 -0.00412426 0.997965 54.7139
0.998009 -0.00055172 -0.0630696 -4.80438 0.00094381 0.99998 0.00618715 -0.674841 0.063065 -0.00623436 0.99799 55.6528
0.99775 0.00203064 -0.0670138 -4.77386 -0.00184719 0.999994 0.00279939 -0.715349 0.0670191 -0.0026693 0.997748 56.5847
0.997818 0.00229886 -0.0659891 -4.95047 -0.00265563 0.999982 -0.00531929 -0.704106 0.0659757 0.00548293 0.997806 57.4239
0.997799 0.0034487 -0.0662215 -5.05725 -0.00412784 0.99994 -0.0101216 -0.717772 0.0661826 0.0103727 0.997754 58.3309
0.997865 0.00920463 -0.0646661 -5.20772 -0.00984118 0.999906 -0.00953196 -0.730444 0.0645723 0.010148 0.997861 59.2907
0.997935 0.011315 -0.0632286 -5.39136 -0.0118047 0.999903 -0.00737563 -0.744385 0.063139 0.00810679 0.997972 60.2332
0.997904 0.012912 -0.0634083 -5.51242 -0.0133104 0.999894 -0.00586384 -0.755976 0.0633259 0.00669554 0.99797 61.0978
0.997791 0.0136892 -0.0650116 -5.56124 -0.0141143 0.999882 -0.00608488 -0.77483 0.0649206 0.00698903 0.997866 61.957
0.997824 0.0148746 -0.0642325 -5.72691 -0.0152406 0.99987 -0.00521055 -0.79642 0.0641467 0.00617815 0.997921 62.8812
0.997832 0.0156233 -0.0639283 -5.87842 -0.0159568 0.999862 -0.00470913 -0.811173 0.0638459 0.00571901 0.997943 63.7901
0.997499 0.0148872 -0.0691018 -5.83626 -0.0152149 0.999875 -0.00421901 -0.841653 0.0690304 0.00525984 0.997601 64.6856
0.997626 0.0138759 -0.0674499 -6.03464 -0.0141622 0.999893 -0.00376706 -0.834614 0.0673904 0.00471336 0.997716 65.5192
0.997588 0.0165265 -0.0674221 -6.16651 -0.0166383 0.999861 -0.00109654 -0.853194 0.0673946 0.00221568 0.997724 66.3754
0.997533 0.0175813 -0.0679579 -6.2755 -0.017452 0.999845 0.00249555 -0.850807 0.0679913 -0.00130339 0.997685 67.2155
0.997469 0.0201063 -0.0682067 -6.38517 -0.0198973 0.999795 0.00374149 -0.845318 0.0682679 -0.00237489 0.997664 67.9783
0.997506 0.022093 -0.0670311 -6.56099 -0.0222386 0.999752 -0.00142639 -0.824818 0.0669829 0.00291351 0.99775 68.7434
0.997737 0.0211419 -0.0638257 -6.84569 -0.0218391 0.999709 -0.0102454 -0.804885 0.0635905 0.0116161 0.997908 69.6619
0.997871 0.0194335 -0.0622572 -7.04843 -0.0204928 0.999655 -0.0164215 -0.820563 0.0619166 0.0176624 0.997925 70.5634
0.998331 0.0197617 -0.0542623 -7.43308 -0.0207183 0.999639 -0.0171243 -0.858421 0.0539043 0.01822 0.99838 71.4246
0.998462 0.0221894 -0.0508003 -7.63933 -0.0229379 0.999636 -0.0141989 -0.865827 0.0504668 0.0153423 0.998608 72.3401
0.998417 0.0224517 -0.0515682 -7.72265 -0.0231139 0.999657 -0.0122805 -0.884101 0.0512748 0.013453 0.998594 73.2319
0.998 0.0195434 -0.0601096 -7.52863 -0.020507 0.99967 -0.0154563 -0.927034 0.0597877 0.0166581 0.998072 74.1613
0.9982 0.0117199 -0.058817 -7.62265 -0.0129312 0.999711 -0.0202551 -0.975886 0.0585627 0.0209792 0.998063 75.08
0.99835 0.00788668 -0.0568775 -7.70003 -0.00933341 0.999638 -0.0252151 -0.997519 0.0566581 0.0257044 0.998063 76
0.998572 0.0107333 -0.0523265 -7.79854 -0.0120558 0.999614 -0.025024 -1.04036 0.0520377 0.0256191 0.998316 76.9191
0.998596 0.0155947 -0.0506307 -7.78519 -0.0166998 0.99963 -0.0214774 -1.08874 0.050277 0.0222928 0.998486 77.8307
0.998297 0.014868 -0.0564092 -7.49104 -0.0158158 0.999741 -0.0163932 -1.19384 0.0561508 0.0172574 0.998273 78.7077
0.998626 0.010212 -0.0513915 -7.57273 -0.0109266 0.999847 -0.0136434 -1.1745 0.0512443 0.0141862 0.998585 79.6184
0.999127 0.00559233 -0.0414087 -7.703 -0.00601219 0.999932 -0.0100218 -1.21419 0.0413498 0.010262 0.999092 80.4954
0.999567 0.00979603 -0.0277611 -7.82123 -0.0101003 0.99989 -0.0108395 -1.22279 0.0276519 0.0111152 0.999556 81.4599
0.999829 0.0150936 -0.0107073 -7.95984 -0.0152298 0.999803 -0.0127582 -1.21482 0.0105126 0.0129191 0.999861 82.3674
0.999797 0.0201196 0.00118004 -7.77431 -0.0201023 0.999711 -0.0131489 -1.20814 -0.00144425 0.0131226 0.999913 83.2664
0.999503 0.018047 0.0258468 -7.9072 -0.0177196 0.999761 -0.0128406 -1.22083 -0.0260724 0.0123763 0.999583 84.095
0.998529 0.0149925 0.0520988 -7.80864 -0.0143596 0.999819 -0.0125019 -1.23328 -0.0522768 0.0117354 0.998564 85.0225
0.996493 0.0140575 0.0824882 -7.72523 -0.0131866 0.999852 -0.0110935 -1.25893 -0.0826319 0.0099669 0.99653 85.8994
0.994649 0.0136049 0.102416 -7.19769 -0.0126929 0.999874 -0.0095514 -1.29849 -0.102533 0.00820033 0.994696 86.7508
0.991182 0.0129567 0.131875 -6.80167 -0.0118535 0.999888 -0.00914767 -1.32995 -0.131979 0.00750383 0.991224 87.603
