1 0 0 0 0 1 0 0 0 0 1 0
0.999956 -0.00435759 0.00836274 -0.38841 0.00435937 0.99999 -0.000195361 -0.0513531 -0.00836181 0.000231809 0.999965 0.920055
0.99998 -0.00356087 0.00526838 -0.491572 0.00357093 0.999992 -0.00189981 -0.0335127 -0.00526157 0.00191858 0.999984 1.91456
0.999993 -0.000589021 0.00365904 -0.408831 0.000603265 0.999992 -0.0038929 -0.0636683 -0.00365671 0.00389508 0.999986 2.91067
0.999997 0.00220556 0.000713816 -0.507647 -0.00220237 0.999988 -0.00444389 -0.0795354 -0.000723609 0.0044423 0.99999 3.90565
0.999993 -0.00126634 -0.00340514 -0.506449 0.00125585 0.999994 -0.00308112 -0.138289 0.00340903 0.00307683 0.999989 4.90392
0.999921 -0.00193071 -0.012436 -0.500107 0.0019059 0.999996 -0.00200686 -0.187925 0.0124398 0.001983 0.999921 5.90267
0.999956 -0.00223011 -0.00912873 -0.882236 0.00219686 0.999991 -0.00365077 -0.160184 0.00913679 0.00363055 0.999952 6.82636
0.99989 -0.00103808 -0.0147646 -0.806448 0.00102213 0.999999 -0.0010875 -0.197575 0.0147657 0.00107229 0.99989 7.82279
0.999842 -0.00235045 -0.017602 -0.994347 0.00236252 0.999997 0.000664996 -0.170176 0.0176004 -0.000706476 0.999845 8.80459
0.999838 -0.00154595 -0.0179254 -1.02218 0.00159911 0.999994 0.00295202 -0.193526 0.0179207 -0.00298021 0.999835 9.80393
0.999798 -0.00104543 -0.020087 -1.10112 0.00108905 0.999997 0.00216079 -0.194399 0.0200847 -0.00218223 0.999796 10.8008
0.999798 -0.00104543 -0.020087 -1.25356 0.00108905 0.999997 0.00216079 -0.18642 0.0200847 -0.00218223 0.999796 11.7891
0.999697 -0.00508362 -0.0240687 -1.22515 0.00512075 0.999986 0.00148091 -0.163607 0.0240609 -0.00160371 0.999709 12.7884
0.998639 0.00356552 -0.0520418 -0.542848 -0.00315369 0.999963 0.00799353 -0.356012 0.0520684 -0.00781852 0.998613 13.4937
0.998712 -0.000145414 -0.050735 -0.750398 0.000549432 0.999968 0.00794942 -0.343198 0.0507323 -0.00796706 0.998681 14.4719
0.998462 -0.00575673 -0.055139 -0.779172 0.00603266 0.99997 0.004839 -0.265252 0.0551095 -0.00516419 0.998467 15.4684
0.998402 -0.00674066 -0.0561106 -0.891835 0.0068847 0.999973 0.00237416 -0.261857 0.0560931 -0.00275667 0.998422 16.462
0.998213 -0.00726512 -0.0593175 -0.983138 0.00724804 0.999974 -0.00050307 -0.208964 0.0593196 7.22356e-05 0.998239 17.4565
0.999446 -0.00578502 0.0327657 -1.97128 0.00534555 0.999895 0.0134842 -0.359773 -0.0328403 -0.0133016 0.999372 17.4275
0.999418 -0.0131142 0.0314835 -2.03436 0.0126421 0.999805 0.0151498 -0.329615 -0.031676 -0.014743 0.999389 18.4251
0.999516 -0.0121337 0.0286455 -1.90409 0.0116518 0.999789 0.0169302 -0.335296 -0.0288449 -0.0165882 0.999446 19.4165
0.999592 -0.00824869 0.0273385 -1.89082 0.00781175 0.999841 0.0160507 -0.33755 -0.0274666 -0.0158306 0.999497 20.4164
0.999588 -0.0086318 0.0273778 -1.82558 0.00819213 0.999836 0.0161313 -0.348642 -0.0275126 -0.0159003 0.999495 21.4142
0.999533 -0.011259 0.0283942 -1.88986 0.0108153 0.999818 0.0157319 -0.361188 -0.0285661 -0.0154175 0.999473 22.4121
0.999588 -0.00695456 0.0278308 -1.92374 0.00649737 0.999843 0.0164842 -0.345041 -0.0279411 -0.0162966 0.999477 23.4114
0.99957 -0.00309036 0.0291702 -1.92179 0.00250905 0.999798 0.0199437 -0.342858 -0.029226 -0.0198619 0.999375 24.4114
0.999587 -0.00429479 0.0284 -1.82077 0.00361393 0.999706 0.023982 -0.328565 -0.0284946 -0.0238695 0.999309 25.4062
0.999566 -0.00809772 0.0283152 -1.73495 0.00731001 0.999586 0.027813 -0.328377 -0.0285287 -0.0275939 0.999212 26.4025
0.999507 -0.0113509 0.029286 -1.61247 0.0104985 0.999521 0.0290971 -0.308304 -0.0296022 -0.0287753 0.999147 27.3947
0.999456 -0.00805403 0.0319684 -1.67516 0.00720244 0.999618 0.026665 -0.335063 -0.032171 -0.0264203 0.999133 28.3924
0.999456 -0.00765594 0.032067 -1.65689 0.00690952 0.999704 0.0233236 -0.34474 -0.0322361 -0.0230893 0.999214 29.3922
0.999402 -0.0134289 0.0318485 -1.65255 0.0128502 0.99975 0.018308 -0.255331 -0.0320863 -0.0178878 0.999325 30.3882
0.999317 -0.016981 0.0328257 -1.6184 0.0163546 0.999681 0.0192555 -0.226021 -0.0331422 -0.0187055 0.999276 31.3872
0.99922 -0.0204188 0.0337921 -1.68477 0.0196475 0.999542 0.0230016 -0.201054 -0.0342463 -0.0223197 0.999164 32.3847
0.999337 -0.0214217 0.0294354 -1.55812 0.0206376 0.999431 0.0266894 -0.226862 -0.0299904 -0.0260643 0.99921 33.3763
0.999206 -0.0262468 0.0299846 -1.60156 0.0254344 0.999307 0.027161 -0.26325 -0.0306768 -0.0263768 0.999181 34.3747
0.999415 -0.0256812 0.0225742 -1.37715 0.0251828 0.999439 0.022093 -0.224258 -0.0231289 -0.0215116 0.999501 35.3484
0.999512 -0.0239085 0.0200986 -1.25819 0.0235466 0.99956 0.018055 -0.219874 -0.0205214 -0.0175729 0.999635 36.3413
0.999529 -0.0231034 0.0201838 -1.35891 0.0227423 0.99958 0.0179398 -0.220254 -0.0205898 -0.0174724 0.999635 37.3362
0.999479 -0.0246683 0.0208096 -1.44128 0.0243002 0.999547 0.0177614 -0.15547 -0.0212383 -0.0172464 0.999626 38.3307
0.999611 -0.0215989 0.0176361 -1.31569 0.0212376 0.999566 0.020423 -0.145876 -0.0180695 -0.0200405 0.999636 39.3227
0.999609 -0.0218066 0.0174819 -1.32388 0.0214128 0.99952 0.022404 -0.1335 -0.0179621 -0.0220209 0.999596 40.3226
0.999634 -0.0199379 0.0182735 -1.37921 0.0194759 0.999495 0.0251178 -0.146136 -0.0187651 -0.0247527 0.999517 41.321
0.998561 -0.0219707 0.0489184 -2.21463 0.0205278 0.999345 0.0298053 -0.174077 -0.0495412 -0.0287582 0.998358 41.8699
0.998681 -0.0151262 0.0490751 -2.22758 0.0135705 0.9994 0.0318791 -0.152208 -0.0495278 -0.0311711 0.998286 42.8696
0.998665 -0.0147248 0.0495054 -2.19881 0.0131723 0.999416 0.0315415 -0.157482 -0.0499409 -0.0308473 0.998276 43.8691
0.99874 -0.0105333 0.0490668 -2.13071 0.0090386 0.999491 0.0305847 -0.193152 -0.049364 -0.0301027 0.998327 44.8662
0.99874 -0.00634265 0.0497756 -2.09797 0.00492245 0.999579 0.0286028 -0.172827 -0.0499361 -0.0283218 0.998351 45.8654
0.998727 -0.00455694 0.0502448 -2.05966 0.00310975 0.999579 0.0288435 -0.184922 -0.0503551 -0.0286506 0.99832 46.8646
0.998809 -0.00584825 0.0484367 -1.89968 0.00435233 0.999512 0.0309322 -0.207313 -0.0485939 -0.0306846 0.998347 47.8515
0.998932 -0.00936577 0.0452479 -1.79557 0.00789275 0.999437 0.0326242 -0.188565 -0.0455279 -0.0322322 0.998443 48.8459
0.998961 -0.00763656 0.0449349 -1.76241 0.00632434 0.999551 0.0292728 -0.168304 -0.0451383 -0.0289582 0.998561 49.8451
0.999069 -0.0079044 0.0424222 -1.66605 0.00688937 0.999688 0.02402 -0.106873 -0.0425989 -0.0237053 0.998811 50.8386
0.999018 -0.00741826 0.0436704 -1.67236 0.00639056 0.9997 0.0236258 -0.102344 -0.0438325 -0.0233235 0.998767 51.8385
0.99886 -0.00963445 0.0467605 -1.75702 0.00831371 0.999563 0.0283577 -0.116651 -0.0470132 -0.0279366 0.998504 52.8349
0.998691 -0.0151341 0.04886 -1.84789 0.0136686 0.999451 0.0301911 -0.0545886 -0.04929 -0.0294838 0.998349 53.8288
0.998792 -0.012636 0.0474825 -1.71596 0.0111875 0.999468 0.0306491 -0.0992534 -0.0478445 -0.0300809 0.998402 54.819
0.998559 -0.0136828 0.0518851 -1.85019 0.0121017 0.999456 0.0306661 -0.12619 -0.0522765 -0.029994 0.998182 55.8096
0.998552 -0.0159701 0.0513613 -1.80561 0.0144647 0.999459 0.0295489 -0.133191 -0.0518054 -0.0287632 0.998243 56.8086
0.998401 -0.0220473 0.0520428 -1.86341 0.02057 0.999375 0.0287517 -0.0331392 -0.0526441 -0.0276352 0.998231 57.8019
0.998582 -0.0242316 0.0474036 -1.65259 0.022654 0.999181 0.033538 -0.0457927 -0.0481775 -0.0324166 0.998313 58.7793
0.998573 -0.0249373 0.0472292 -1.60191 0.0231229 0.998988 0.0385826 -0.0305277 -0.0481435 -0.0374355 0.998139 59.7779
0.998945 -0.0228125 0.0398668 -1.30913 0.0211456 0.998905 0.0417429 -0.0612976 -0.0407754 -0.0408558 0.998333 60.7336
0.998885 -0.017252 0.0439384 -1.50295 0.0154394 0.999029 0.0412627 -0.200081 -0.0446076 -0.0405383 0.998182 61.7048
0.998942 -0.0123769 0.0442931 -1.49304 0.0109165 0.999394 0.0330623 -0.191243 -0.0446755 -0.0325438 0.998471 62.7047
0.999023 -0.0109051 0.0428224 -1.47857 0.00977961 0.999604 0.0264042 -0.111531 -0.0430934 -0.0259596 0.998734 63.7014
0.998903 -0.00854016 0.046036 -1.65002 0.0073465 0.999634 0.026036 -0.0495668 -0.0462415 -0.0256693 0.9986 64.6847
0.998927 -0.00689643 0.045807 -1.68195 0.0055746 0.999566 0.0289219 -0.0729476 -0.0459865 -0.0286355 0.998532 65.6839
0.998814 -0.00600837 0.0483109 -1.79053 0.00447973 0.999488 0.0316879 -0.0850767 -0.0484766 -0.0314339 0.99833 66.6779
0.99883 -0.00412769 0.0481833 -1.7024 0.00263623 0.999517 0.0309766 -0.09271 -0.0482879 -0.0308133 0.998358 67.674
0.997411 -0.0016014 0.0718973 -2.46152 -0.000361053 0.999628 0.0272739 0.0335453 -0.0719142 -0.0272292 0.997039 68.3126
0.997469 -0.00112187 0.071096 -2.40186 -0.000873307 0.999607 0.0280259 0.0474533 -0.0710995 -0.028017 0.997076 69.3107
0.997343 -0.000113774 0.0728448 -2.50027 -0.00190724 0.999615 0.027674 0.079672 -0.0728199 -0.0277394 0.996959 70.3053
0.99741 -0.00255092 0.0718776 -2.50377 0.000478259 0.999584 0.0288384 0.108186 -0.0719213 -0.0287293 0.996996 71.3049
0.997391 -0.00160091 0.0721656 -2.53565 -0.000746517 0.999472 0.0324897 0.0787525 -0.0721795 -0.0324588 0.996863 72.304
0.997999 0.00124987 0.0632229 -2.25806 -0.0036248 0.999291 0.0374636 0.0508822 -0.0631313 -0.0376178 0.997296 73.2642
0.997835 0.00351319 0.06567 -2.36092 -0.00610836 0.999206 0.0393595 0.0845823 -0.0654796 -0.0396755 0.997065 74.2584
0.997811 0.00656395 0.0658003 -2.40675 -0.00883971 0.999371 0.0343546 0.1384 -0.0655334 -0.0348611 0.997241 75.2559
0.997743 0.00579637 0.0669007 -2.45716 -0.00774494 0.999552 0.0289037 0.08285 -0.0667032 -0.0293566 0.997341 76.2531
0.997485 0.00561912 0.07065 -2.63087 -0.00716565 0.99974 0.0216557 0.156947 -0.0705099 -0.0221075 0.997266 77.2351
0.997887 0.00801965 0.0644775 -2.34602 -0.00935851 0.999746 0.0204897 0.161195 -0.0642968 -0.0210498 0.997709 78.1936
0.997639 0.0106152 0.067847 -2.46065 -0.0122128 0.999657 0.0231762 0.195739 -0.0675777 -0.0239501 0.997427 79.1864
0.996949 0.00844182 0.0776003 -2.84135 -0.0105766 0.999576 0.0271399 0.139237 -0.0773383 -0.0278779 0.996615 80.1094
0.997273 0.00480665 0.073646 -2.76973 -0.00644175 0.999738 0.0219808 0.199096 -0.073521 -0.0223952 0.997042 81.105
0.99754 -0.00143493 0.0700822 -2.53446 0.000347306 0.999879 0.015529 0.225365 -0.070096 -0.0154665 0.99742 82.0766
0.997392 -0.00339824 0.0720896 -2.45919 0.00264915 0.999942 0.0104842 0.219236 -0.072121 -0.0102659 0.997343 83.0738
0.996996 -0.000193851 0.0774591 -2.44761 -0.00061422 0.999946 0.0104083 0.220505 -0.0774569 -0.0104246 0.996941 84.0737
0.996427 0.00448679 0.0843396 -2.48547 -0.00559727 0.999901 0.0129349 0.236331 -0.0842732 -0.0133608 0.996353 85.0728
0.997697 0.00467773 0.0676728 -1.75667 -0.00585325 0.999835 0.0171828 0.19796 -0.0675813 -0.0175393 0.99756 85.7565
0.997123 0.00155008 0.0757895 -1.78887 -0.00320996 0.999758 0.0217842 0.177273 -0.0757374 -0.0219648 0.996886 86.7558
0.996237 -0.00511921 0.0865205 -1.83624 0.00289722 0.999663 0.0257878 0.170579 -0.0866234 -0.0254401 0.995916 87.7546
0.995336 -0.00112244 0.0964658 -1.73391 -0.00141997 0.999654 0.0262828 0.1701 -0.0964619 -0.0262972 0.994989 88.7494
0.994257 0.0038666 0.106951 -1.4435 -0.00675725 0.999621 0.0266787 0.139881 -0.106807 -0.0272482 0.993906 89.7058
0.993875 0.0112409 0.109938 -0.848136 -0.01395 0.999617 0.0239036 0.244058 -0.109627 -0.0252908 0.993651 90.5025
0.990845 0.00901588 0.134703 -0.818332 -0.0123756 0.999632 0.024125 0.269789 -0.134436 -0.0255712 0.990592 91.5017
0.987433 0.00708884 0.157879 -0.47338 -0.0109793 0.999657 0.0237836 0.330543 -0.157656 -0.0252181 0.987172 92.4384
0.982702 0.00524975 0.185121 -0.16226 -0.0100622 0.999635 0.0250664 0.346863 -0.184922 -0.0264955 0.982396 93.3886
0.975001 0.00530889 0.222135 -0.11547 -0.0117523 0.999547 0.027695 0.338853 -0.221888 -0.0296133 0.974622 94.3875
0.966293 0.00625717 0.257369 0.223352 -0.0136543 0.999543 0.0269643 0.373407 -0.257083 -0.0295696 0.965937 95.3277
