1 0 0 0 0 1 0 0 0 0 1 0
0.999958 -0.00377826 0.00834216 -0.388218 0.00378035 0.999993 -0.000235644 -0.0514028 -0.00834121 0.00026717 0.999965 0.920424
0.999986 -0.00309606 0.00437423 -0.422195 0.0031043 0.999993 -0.00187671 -0.0421009 -0.00436839 0.00189027 0.999989 1.87876
0.999997 -0.000573055 -0.00222293 -0.250695 0.000561789 0.999987 -0.00506546 -0.018582 0.0022258 0.0050642 0.999985 2.94729
0.999988 0.000899099 -0.00474758 -0.325186 -0.000923008 0.999987 -0.00503626 -0.0450572 0.00474298 0.00504058 0.999976 3.85282
0.999999 -0.00116271 -0.00126505 -0.58756 0.00115554 0.999983 -0.00565523 -0.0388863 0.0012716 0.00565376 0.999983 4.70208
0.999995 -0.000502999 0.00320727 -0.896649 0.000526555 0.999973 -0.007348 -0.030553 -0.00320348 0.00734965 0.999968 5.67946
0.999888 0.00601515 0.0137063 -1.43284 -0.00593062 0.999963 -0.00620014 -0.0572385 -0.0137431 0.00611816 0.999887 6.48805
0.999895 0.00561415 0.0133655 -1.30747 -0.00554755 0.999972 -0.0050148 -0.110023 -0.0133932 0.00494013 0.999898 7.69945
0.999906 0.00179214 0.013566 -1.50995 -0.00172942 0.999988 -0.00463364 -0.0650711 -0.0135741 0.00460975 0.999897 8.9183
0.999588 0.00598479 0.0280842 -1.54616 -0.0058717 0.999974 -0.0041076 -0.0678304 -0.028108 0.003941 0.999597 8.99903
0.998431 0.0393573 0.0398364 -1.96017 -0.0386487 0.999083 -0.018404 0.0490637 -0.0405242 0.0168355 0.999037 9.00777
0.997478 0.0431544 0.0563488 -2.54855 -0.0417971 0.998812 -0.0250482 0.20588 -0.0573628 0.0226298 0.998097 10.0527
0.964214 0.0557423 -0.259199 5.39977 -0.0513499 0.9984 0.0236912 -1.16805 0.260104 -0.00953361 0.965533 14.9683
0.979125 0.0572111 -0.19504 3.79591 -0.0540837 0.998309 0.021327 -1.07892 0.19593 -0.0103333 0.980563 14.5934
0.980141 0.0571125 -0.189898 3.09818 -0.0545556 0.998336 0.0186694 -0.976266 0.190648 -0.00793871 0.981626 15.7318
0.979791 0.0463716 -0.194572 3.26189 -0.0441809 0.998902 0.0155861 -0.82252 0.195081 -0.00667471 0.980764 16.2159
0.980299 0.045859 -0.192121 2.95864 -0.0439664 0.998933 0.0141051 -0.840165 0.192563 -0.00538032 0.98127 17.1557
0.980682 0.0469329 -0.189894 2.63387 -0.0452653 0.998889 0.013112 -0.852421 0.190299 -0.00426303 0.981717 18.0978
0.994191 0.0340599 -0.102096 1.86569 -0.0319774 0.999247 0.021966 -0.93004 0.102767 -0.0185736 0.994532 17.7945
0.994918 0.0309789 -0.0958014 1.88089 -0.0289485 0.999327 0.0225114 -0.91806 0.0964343 -0.0196237 0.995146 18.0717
0.994986 0.0374683 -0.0927332 1.78607 -0.0353704 0.999082 0.0241645 -0.898627 0.0935535 -0.0207633 0.995398 18.5522
0.995755 0.024926 -0.0886016 1.75411 -0.0225428 0.999359 0.0277983 -0.894898 0.0892377 -0.025683 0.995679 18.6599
0.84078 0.0472388 -0.539312 1.75471 0.00676443 0.995191 0.0977153 -0.894994 0.541335 -0.0858052 0.836417 18.6605
0.846202 0.0389242 -0.531438 1.75481 0.0169918 0.99485 0.0999218 -0.895009 0.532591 -0.0935842 0.841183 18.6602
0.918591 -0.0322072 -0.393895 -1.76119 0.0122984 0.998521 -0.0529644 2.99502 0.395018 0.0438084 0.917628 16.5563
0.909909 -0.125684 -0.39531 -2.80686 0.0949738 0.990801 -0.0964062 4.16706 0.40379 0.0501768 0.913475 18.1784
0.910224 -0.12245 -0.395598 -3.05192 0.0932707 0.991358 -0.0922513 4.08421 0.403475 0.0470717 0.913779 18.8461
0.909962 -0.121133 -0.396605 -3.32599 0.0936352 0.991705 -0.0880567 3.97601 0.403982 0.0429921 0.913756 19.6069
0.90908 -0.122628 -0.398167 -3.50275 0.0956087 0.991601 -0.0871051 3.9146 0.405504 0.0411173 0.913168 20.343
0.910691 -0.121161 -0.394921 -3.96838 0.0933932 0.991655 -0.0888718 3.76192 0.402393 0.0440518 0.914407 21.1711
0.910662 -0.121682 -0.394826 -4.27515 0.0919349 0.991367 -0.0934843 3.67165 0.402793 0.0488343 0.913988 21.965
0.914009 -0.123119 -0.38656 -4.93231 0.0923999 0.990972 -0.0971474 3.57495 0.395031 0.0530755 0.917133 22.8376
0.921245 -0.120968 -0.369694 -5.53864 0.0925701 0.991289 -0.0936842 3.42982 0.377807 0.0520835 0.924418 23.5088
0.920564 -0.120495 -0.37154 -6.00612 0.0934594 0.991546 -0.0900052 3.33147 0.379245 0.0481316 0.924044 24.4224
0.920117 -0.122041 -0.372144 -6.35161 0.0963949 0.991548 -0.0868341 3.21867 0.379596 0.0440248 0.924104 25.2988
0.925782 -0.128206 -0.355654 -7.01903 0.104181 0.990834 -0.0859878 3.08676 0.363419 0.0425534 0.930654 25.8821
0.929403 -0.128706 -0.345898 -7.4894 0.104095 0.990587 -0.0888966 2.97396 0.354083 0.0466147 0.934051 26.4005
0.891236 -0.122222 -0.436761 -5.94051 0.0883412 0.991342 -0.0971482 2.75448 0.444853 0.047998 0.894316 30.1115
0.894831 -0.119864 -0.430012 -6.53747 0.085184 0.991426 -0.0990915 2.65034 0.438202 0.05204 0.897369 30.9016
0.899058 -0.117675 -0.42172 -7.04631 0.0829857 0.991545 -0.09976 2.57584 0.429893 0.0546933 0.901222 31.5717
0.894058 -0.108187 -0.434691 -7.1636 0.069507 0.992149 -0.103969 2.49269 0.442526 0.0627406 0.894558 32.7049
0.893184 -0.101394 -0.438112 -7.24226 0.0655518 0.993199 -0.0962199 2.422 0.444888 0.057223 0.893756 32.9054
0.890265 -0.100045 -0.444319 -7.92025 0.0661229 0.993631 -0.0912428 2.21516 0.450618 0.0518506 0.89121 34.2945
0.901282 -0.090859 -0.423597 -9.11025 0.0650438 0.995057 -0.0750407 1.66949 0.428322 0.0400805 0.902737 34.9137
0.902161 -0.0848841 -0.422967 -9.12699 0.0596715 0.99558 -0.0725249 1.66628 0.427254 0.04019 0.903238 34.9406
0.902516 -0.0859883 -0.421985 -8.89013 0.0609052 0.9955 -0.0725937 1.70697 0.426328 0.0398159 0.903692 34.7167
0.902986 -0.0861575 -0.420943 -8.90552 0.0602334 0.995398 -0.0745258 1.70411 0.425427 0.0419409 0.90402 34.7476
0.735647 -0.0827749 -0.672288 -8.69429 0.00364767 0.992975 -0.118268 1.72011 0.677355 0.084551 0.730781 35.0291
0.735896 -0.082179 -0.672089 -9.22818 0.00278616 0.992966 -0.118363 1.60934 0.677089 0.0852305 0.730949 35.593
0.462049 -0.0220303 -0.886581 -7.97989 -0.0479476 0.997609 -0.0497776 -0.0302429 0.885557 0.0655091 0.459888 42.3818
0.473535 -0.0177208 -0.880597 -9.19332 -0.04989 0.997653 -0.0469044 -0.174542 0.879361 0.0661438 0.47154 42.5024
0.475534 -0.0172913 -0.879528 -11.3278 -0.062177 0.996646 -0.053211 -0.113877 0.877498 0.07999 0.472863 43.1467
0.886818 -0.0990829 -0.451372 -21.8967 0.0407516 0.989706 -0.13719 2.92799 0.460319 0.103268 0.881727 27.7188
0.896511 -0.105204 -0.430349 -22.9293 0.0472894 0.98857 -0.143154 2.84344 0.440491 0.107988 0.891239 28.4171
0.294207 -0.18444 -0.937776 -11.3866 -0.142375 0.961796 -0.233832 4.41008 0.945078 0.202311 0.256707 49.9628
0.298019 -0.179937 -0.937447 -12.2671 -0.142538 0.962674 -0.230092 4.15951 0.943858 0.202194 0.261247 50.0236
0.296456 -0.177257 -0.938453 -13.0083 -0.145627 0.962745 -0.227849 3.87878 0.943878 0.204212 0.259598 50.282
0.299935 -0.178766 -0.93706 -13.9564 -0.142069 0.96296 -0.22918 3.65181 0.943322 0.201866 0.263428 50.3539
0.304395 -0.180301 -0.935326 -14.7059 -0.147369 0.961186 -0.233246 3.44853 0.941077 0.208837 0.26601 50.4736
0.299249 -0.178997 -0.937235 -15.287 -0.139069 0.963576 -0.228431 3.25209 0.943986 0.198698 0.263456 50.7021
0.33218 -0.167947 -0.928144 -16.0064 -0.112928 0.969861 -0.215912 3.0393 0.936432 0.176535 0.303202 49.718
0.327305 -0.164657 -0.930462 -16.9715 -0.111499 0.971091 -0.211068 2.79055 0.938317 0.17283 0.299484 50.1518
0.279208 -0.177354 -0.94371 -17.8804 -0.111354 0.970184 -0.215274 2.79042 0.953752 0.165192 0.251134 52.2941
-0.11808 -0.19003 -0.974652 -28.3071 -0.221071 0.961916 -0.160764 -1.95489 0.968083 0.196484 -0.155593 65.235
-0.125832 -0.188382 -0.974001 -34.0241 -0.22024 0.96261 -0.157725 -3.99482 0.967295 0.194667 -0.162617 64.7674
-0.702821 -0.330116 -0.630132 -86.3389 -0.349381 0.931792 -0.0984665 -14.5562 0.619657 0.150952 -0.77022 127.789
-0.904107 -0.361718 -0.227486 -139.665 -0.387757 0.918187 0.0810981 -35.006 0.17954 0.161531 -0.970398 127.041
-0.904787 -0.366907 -0.216194 -140.224 -0.393253 0.914664 0.0934991 -35.311 0.163439 0.169616 -0.971863 126.485
-0.857786 -0.360299 -0.366589 -135.365 -0.400872 0.91533 0.0383802 -33.2441 0.321721 0.179877 -0.929591 123.817
-0.84147 -0.365648 -0.397781 -135.086 -0.404652 0.914339 0.0155254 -32.6567 0.35803 0.174027 -0.917349 122.232
-0.835347 -0.363303 -0.412561 -134.95 -0.40314 0.915079 0.0104493 -32.4307 0.373729 0.175049 -0.91087 121.047
-0.834506 -0.364688 -0.413041 -135.117 -0.40513 0.914188 0.0113559 -32.4855 0.373456 0.176812 -0.910642 120.823
-0.794155 -0.359777 -0.489774 -131.875 -0.402109 0.915364 -0.020398 -31.3379 0.455661 0.180744 -0.871611 120.726
-0.800943 -0.357188 -0.480528 -132.573 -0.400832 0.916062 -0.0128247 -31.541 0.444774 0.182339 -0.876886 119.977
-0.89058 -0.367925 -0.267393 -141.644 -0.412955 0.900488 0.136342 -37.1045 0.19062 0.231845 -0.953893 121.68
-0.891658 -0.360777 -0.273469 -141.262 -0.407036 0.903313 0.135454 -36.7892 0.198159 0.232091 -0.952296 121.337
-0.909714 -0.365028 -0.197926 -142.59 -0.398812 0.900818 0.171684 -37.3023 0.115626 0.235119 -0.965065 121.155
-0.895363 -0.392373 0.210636 -151.026 -0.322147 0.89723 0.301991 -40.1027 -0.307483 0.202536 -0.929749 120.167
-0.284099 -0.434744 0.854568 -155.228 0.0718398 0.879136 0.471125 -39.1304 -0.9561 0.195238 -0.21853 102.424
-0.268873 -0.430519 0.861604 -154.925 0.0809344 0.881282 0.465608 -38.9097 -0.959769 0.194923 -0.20211 102.067
-0.268217 -0.430791 0.861672 -154.653 0.0766786 0.882061 0.464853 -38.7679 -0.960302 0.190753 -0.203552 101.96
-0.265227 -0.435045 0.86046 -153.16 0.0724919 0.880897 0.467723 -38.0652 -0.961457 0.186429 -0.202101 102.099
-0.301033 -0.440932 0.845552 -151.412 0.0646242 0.87521 0.479406 -37.754 -0.951422 0.19896 -0.234972 102.844
-0.3015 -0.437877 0.846972 -150.245 0.0685717 0.87605 0.47732 -37.2569 -0.950997 0.20199 -0.234103 102.752
-0.104585 -0.42683 0.898264 -150.326 0.162802 0.883685 0.438857 -35.3569 -0.9811 0.192136 -0.0229313 95.1736
-0.123539 -0.426673 0.895929 -149.316 0.157951 0.88288 0.442238 -35.1215 -0.979689 0.196146 -0.0416765 95.667
-0.431422 -0.406164 0.805547 -146.111 0.0154812 0.889454 0.456762 -35.8877 -0.902018 0.209528 -0.377442 108.506
-0.484129 -0.40192 0.777225 -146.032 -0.0244114 0.894119 0.447163 -35.8551 -0.874656 0.197512 -0.442681 108.8
0.420835 -0.360578 0.832395 -143.218 0.319704 0.917685 0.23589 -29.655 -0.848933 0.166849 0.501472 88.4151
0.396537 -0.36758 0.841216 -143.218 0.320087 0.914194 0.248584 -29.655 -0.860409 0.170689 0.480169 88.4151
-0.48775 -0.392214 0.779915 -143.218 -0.0119543 0.896308 0.443271 -29.655 -0.872901 0.206882 -0.441863 88.4152
-0.547561 -0.397212 0.736478 -142.054 -0.0469563 0.893348 0.446906 -29.7126 -0.835447 0.210126 -0.507814 90.0424
-0.589074 -0.403038 0.700394 -140.731 -0.07382 0.889955 0.450033 -29.7257 -0.8047 0.2134 -0.554002 91.4877
-0.426706 -0.388919 0.816495 -142.952 -0.00241812 0.9033 0.429003 -28.1572 -0.904387 0.181084 -0.386384 84.1739
-0.418465 -0.390023 0.820225 -142.659 -0.00194835 0.903483 0.428619 -27.8986 -0.908231 0.177764 -0.378836 83.515
-0.432109 -0.39226 0.812043 -142.476 -0.00574952 0.901627 0.432475 -27.7599 -0.901803 0.182208 -0.391857 83.1569
-0.427119 -0.396663 0.812544 -143.116 -0.00121884 0.898889 0.438174 -28.1303 -0.904194 0.186162 -0.384417 83.1707
-0.506514 -0.395376 0.766238 -141.124 -0.0451762 0.899617 0.434336 -27.4066 -0.861047 0.185382 -0.473531 84.5995
-0.533629 -0.395645 0.747466 -140.428 -0.0617225 0.899686 0.432153 -26.9733 -0.843463 0.184474 -0.504519 84.0266
