1 0 0 0 0 1 0 0 0 0 1 0
0.999988 -0.00473688 -0.00152896 -0.129338 0.00473408 0.999987 -0.0018339 0.00361711 0.00153763 0.00182664 0.999997 0.991594
0.999989 -0.00265212 -0.00377456 -0.148652 0.00264144 0.999993 -0.0028316 -0.0196432 0.00378204 0.0028216 0.999989 1.99114
0.99997 -0.00503283 -0.00587116 -0.336244 0.00500926 0.999979 -0.00402266 -0.0113038 0.00589129 0.00399313 0.999975 2.97335
0.999934 -0.00522922 -0.0102591 -0.373658 0.00518768 0.999978 -0.00407081 -0.0345665 0.0102801 0.00401732 0.999939 3.97238
0.999776 -0.0052263 -0.0205211 -0.218586 0.00512155 0.999974 -0.00515358 -0.0373215 0.0205475 0.00504733 0.999776 4.96028
0.998885 -0.00425341 -0.0470101 0.0912805 0.00406977 0.999984 -0.00400136 -0.0951364 0.0470263 0.00380558 0.998886 5.9093
0.999296 -0.00247125 -0.0374462 -0.437484 0.00225242 0.99998 -0.005885 -0.0742684 0.03746 0.00579651 0.999281 6.75781
0.999169 -0.00174655 -0.0407224 -0.481658 0.00155302 0.999987 -0.00478359 -0.0670303 0.0407303 0.00471637 0.999159 7.75681
0.998995 -0.00277244 -0.0447338 -0.637014 0.00258668 0.999988 -0.00420982 -0.0238936 0.044745 0.00408988 0.99899 8.74372
0.99879 0.000832567 -0.0491676 -0.612665 -0.000870043 0.999999 -0.000740814 -0.106712 0.0491669 0.000782696 0.99879 9.73999
0.998788 0.00128082 -0.049199 -0.789515 -0.00132366 0.999999 -0.000838266 -0.114959 0.0491979 0.000902373 0.998789 10.7242
0.998681 0.00490622 -0.0511052 -0.792892 -0.00498322 0.999987 -0.00137934 -0.156427 0.0510977 0.00163219 0.998692 11.7233
0.998646 0.00116838 -0.052005 -0.948103 -0.00128352 0.999997 -0.00218058 -0.143693 0.0520023 0.00224438 0.998644 12.7111
0.998519 0.00156608 -0.0543788 -1.03839 -0.0016523 0.999997 -0.00154055 -0.161059 0.0543762 0.00162812 0.998519 13.7069
0.998534 -0.00128569 -0.0541194 -1.19423 0.00120591 0.999998 -0.00150673 -0.173467 0.0541213 0.00143926 0.998533 14.6946
0.998464 1.40719e-05 -0.0553967 -1.34633 -0.000240991 0.999992 -0.00408959 -0.183924 0.0553961 0.00409666 0.998456 15.6829
0.998447 0.00192892 -0.0556776 -1.49427 -0.00231142 0.999974 -0.00680638 -0.18271 0.055663 0.0069245 0.998426 16.6719
0.998433 0.000310391 -0.055953 -1.67856 -0.000735331 0.999971 -0.00757416 -0.168222 0.055949 0.00760344 0.998405 17.6547
0.998419 -0.00434765 -0.0560452 -1.84981 0.00396146 0.999968 -0.00699983 -0.154983 0.0560738 0.00676674 0.998404 18.6398
0.998371 -0.0071352 -0.0566098 -1.99181 0.00683825 0.999962 -0.00543757 -0.153611 0.0566465 0.0050416 0.998382 19.6297
0.998432 -0.00976529 -0.055126 -2.19145 0.0094855 0.999941 -0.00533495 -0.117051 0.0551748 0.00480368 0.998465 20.6089
0.998432 -0.00976527 -0.055126 -2.34606 0.00948547 0.999941 -0.00533495 -0.110615 0.0551748 0.00480368 0.998465 21.5968
0.99831 -0.0123238 -0.0567859 -2.44047 0.0119942 0.999909 -0.00614227 -0.117842 0.0568564 0.00545079 0.998367 22.5923
0.998281 -0.00758441 -0.0581164 -2.46237 0.0072201 0.999953 -0.00647608 -0.201843 0.0581628 0.00604534 0.998289 23.5885
0.998167 -0.00961041 -0.059753 -2.56381 0.00927231 0.999939 -0.00593296 -0.179197 0.0598064 0.00536804 0.998196 24.5831
0.999429 -0.00816432 -0.032802 -3.37527 0.0079601 0.999948 -0.00635161 -0.0954313 0.0328522 0.00608687 0.999442 25.1615
0.99953 -0.0034308 -0.030472 -3.53429 0.00336697 0.999992 -0.00214577 -0.149955 0.0304791 0.00204216 0.999533 26.1473
0.999589 -0.00577662 -0.0280922 -3.622 0.00579748 0.999983 0.000661058 -0.147648 0.0280879 -0.00082365 0.999605 27.1434
0.999652 -0.00366558 -0.0261222 -3.70611 0.0036759 0.999993 0.000347112 -0.149258 0.0261207 -0.000443014 0.999659 28.1399
0.999657 -0.00297376 -0.0260281 -3.67566 0.00290875 0.999993 -0.00253519 -0.164516 0.0260355 0.00245861 0.999658 29.1393
0.992209 -0.00650187 0.124415 -4.67092 0.00863205 0.999825 -0.0165902 -0.0927583 -0.124285 0.0175349 0.992092 29.0736
0.991914 -0.0107982 0.126453 -4.6403 0.0134844 0.999701 -0.0204063 -0.0479916 -0.126195 0.0219464 0.991763 30.0721
0.991899 -0.00785463 0.126789 -4.51611 0.010517 0.999738 -0.020343 -0.108354 -0.126596 0.0215116 0.991721 31.0625
0.992103 -0.0113054 0.124914 -4.36183 0.0135031 0.999768 -0.0167615 -0.11919 -0.124695 0.0183159 0.992026 32.0505
0.992629 -0.0126158 0.120538 -4.13058 0.0143563 0.999805 -0.0135815 -0.180459 -0.120343 0.0152118 0.992616 33.0215
0.992529 -0.0195888 0.120428 -4.11869 0.0215393 0.999657 -0.0149161 -0.181064 -0.120094 0.0173986 0.99261 34.0214
0.992457 -0.0216482 0.120664 -4.08985 0.0239904 0.99955 -0.017992 -0.226998 -0.12022 0.0207511 0.99253 35.0199
0.992637 -0.0247624 0.118573 -3.92117 0.027567 0.999376 -0.0220715 -0.19218 -0.117952 0.0251777 0.9927 36.005
0.992995 -0.0308045 0.114071 -3.67744 0.0337946 0.999132 -0.0243714 -0.0420298 -0.113221 0.0280557 0.993174 36.9631
0.993542 -0.0302193 0.109366 -3.43062 0.0329378 0.99919 -0.0231358 -0.0877996 -0.108578 0.0265886 0.993732 37.9311
0.993555 -0.0311789 0.108976 -3.44716 0.0336339 0.999219 -0.0207626 -0.101046 -0.108243 0.024294 0.993828 38.9309
0.993371 -0.0363997 0.10904 -3.46406 0.0387545 0.999057 -0.0195541 -0.0976896 -0.108225 0.0236503 0.993845 39.9307
0.994094 -0.0346725 0.102836 -3.15172 0.0367905 0.999147 -0.0187709 -0.0812284 -0.102097 0.0224434 0.994521 40.8806
0.99392 -0.0404347 0.102409 -3.11521 0.0424715 0.998939 -0.0177865 -0.0476502 -0.101581 0.0220278 0.994583 41.8793
0.994075 -0.0353829 0.102779 -3.02099 0.0371336 0.999195 -0.0151707 -0.06332 -0.10216 0.0188974 0.994589 42.8748
0.993624 -0.0410642 0.104997 -3.07935 0.042999 0.998943 -0.0162295 -0.0471589 -0.104219 0.0206408 0.99434 43.8729
0.993432 -0.0431816 0.105963 -3.06147 0.0454039 0.998795 -0.0186497 -0.0481798 -0.10503 0.0233383 0.994195 44.8728
0.993367 -0.0452869 0.105694 -3.02777 0.0477659 0.998637 -0.0210406 -0.039611 -0.104597 0.0259496 0.994176 45.8722
0.993367 -0.0452869 0.105694 -2.9873 0.0477659 0.998637 -0.0210406 -0.0654207 -0.104597 0.0259496 0.994176 46.871
0.993287 -0.0480558 0.105226 -2.97107 0.0504795 0.998515 -0.020491 -0.0856922 -0.104085 0.0256652 0.994237 47.8707
0.993792 -0.0503603 0.099201 -2.72631 0.0528231 0.998354 -0.0223573 -0.0393475 -0.0979117 0.0274586 0.994816 48.8391
0.99398 -0.047026 0.098956 -2.6227 0.0497693 0.998437 -0.0254372 -0.111623 -0.0976051 0.030209 0.994767 49.8311
0.994357 -0.0470049 0.0951074 -2.49132 0.0501116 0.998276 -0.0305433 -0.121736 -0.0935078 0.0351369 0.994998 50.8224
0.994862 -0.0446838 0.0908495 -2.2901 0.0479184 0.998281 -0.0337391 -0.110694 -0.0891858 0.0379191 0.995293 51.8019
0.994511 -0.0463816 0.0937925 -2.32876 0.0493433 0.998346 -0.0295073 -0.187207 -0.0922688 0.0339734 0.995154 52.7982
0.994183 -0.0494764 0.0956677 -2.4249 0.052137 0.998314 -0.0255133 -0.269097 -0.0942441 0.0303527 0.995086 53.7902
0.994258 -0.0479715 0.0956504 -2.31688 0.0505051 0.998429 -0.0242441 -0.323328 -0.0943371 0.0289358 0.99512 54.7829
0.994131 -0.0494642 0.0962139 -2.26995 0.0520582 0.99834 -0.0246392 -0.399885 -0.0948354 0.0295033 0.995056 55.7788
0.993783 -0.0535704 0.0976003 -2.27783 0.0563957 0.998059 -0.0264201 -0.415774 -0.0959955 0.0317601 0.994875 56.7787
0.993619 -0.0568057 0.0974417 -2.28144 0.0596066 0.997881 -0.0260759 -0.426818 -0.095754 0.0317176 0.9949 57.7786
0.993585 -0.0571237 0.0976037 -2.25417 0.0595151 0.99799 -0.0217649 -0.50403 -0.0961642 0.0274342 0.994987 58.7752
0.993569 -0.0560517 0.0983841 -2.21027 0.0580265 0.998165 -0.0173244 -0.548135 -0.0972325 0.0229218 0.994998 59.7733
0.993558 -0.0532151 0.100053 -2.21277 0.0550098 0.998369 -0.0152629 -0.594279 -0.0990774 0.0206685 0.994865 60.7722
0.993664 -0.0532021 0.0990011 -2.21267 0.0555297 0.998238 -0.0209039 -0.593789 -0.0977146 0.026269 0.994868 61.7722
0.993458 -0.0535359 0.100867 -2.27725 0.0566632 0.997989 -0.0283972 -0.605251 -0.0991442 0.0339269 0.994495 62.7701
0.993465 -0.0486137 0.103263 -2.30898 0.0524406 0.998022 -0.0346725 -0.619312 -0.101373 0.0398611 0.99405 63.7695
0.99387 -0.044336 0.101274 -2.19812 0.0481024 0.998227 -0.0350542 -0.632263 -0.0995402 0.0397109 0.994241 64.7632
0.993824 -0.0437673 0.101975 -2.2016 0.047196 0.99839 -0.0314552 -0.721951 -0.100434 0.0360738 0.99429 65.7592
0.993954 -0.0434319 0.100837 -2.14016 0.0468087 0.998411 -0.0313654 -0.710677 -0.0993148 0.0358958 0.994408 66.7572
0.994945 -0.0431206 0.0906973 -1.75468 0.0460352 0.99848 -0.0302914 -0.796031 -0.0892533 0.0343135 0.995418 67.676
0.994787 -0.0428903 0.0925118 -1.85536 0.0458992 0.998476 -0.0306448 -0.813592 -0.0910564 0.0347312 0.99524 68.6708
0.994771 -0.0413188 0.0933973 -1.81447 0.0443139 0.99856 -0.0302245 -0.864656 -0.092014 0.0342052 0.99517 69.6686
0.995057 -0.0421411 0.0899219 -1.70656 0.0450502 0.998517 -0.0305701 -0.893797 -0.0885003 0.03447 0.99548 70.6624
0.994656 -0.0431497 0.0937909 -1.86797 0.0461524 0.998481 -0.0300844 -0.929888 -0.0923504 0.0342523 0.995137 71.6486
0.994716 -0.0413028 0.0939852 -1.87369 0.0439824 0.998678 -0.0266187 -1.01442 -0.0927615 0.0306118 0.995218 72.645
0.994489 -0.0429745 0.0956316 -1.94971 0.0455338 0.998656 -0.024742 -0.992717 -0.0944398 0.0289601 0.995109 73.6419
0.996164 -0.0364391 0.0795583 -1.36473 0.0381815 0.999061 -0.0204897 -1.14257 -0.078737 0.0234487 0.99662 74.4389
0.996262 -0.0332244 0.079736 -1.3227 0.0352155 0.999099 -0.0236963 -1.2166 -0.0788769 0.0264157 0.996534 75.4353
0.99602 -0.0307353 0.0836585 -1.47753 0.0334579 0.998949 -0.0313381 -1.27623 -0.0826074 0.0340125 0.996002 76.4215
0.995746 -0.0325543 0.0861972 -1.58731 0.0359595 0.998621 -0.0382511 -1.29329 -0.0848331 0.041188 0.995544 77.4153
0.995871 -0.0301654 0.0856254 -1.42181 0.0335714 0.99869 -0.03862 -1.36804 -0.0843482 0.0413351 0.995579 78.3986
0.996272 -0.0288769 0.0812859 -1.19805 0.0317712 0.998898 -0.0345417 -1.43399 -0.0801989 0.0369955 0.996092 79.371
0.996425 -0.0288266 0.079406 -1.09409 0.0314032 0.999014 -0.0313924 -1.52068 -0.0784228 0.0337738 0.996348 80.3618
0.996288 -0.0301841 0.0806228 -0.998438 0.0331221 0.998826 -0.0353563 -1.55154 -0.079461 0.0378955 0.996117 81.3568
0.996951 -0.0358867 0.0692937 -0.544564 0.0387347 0.99844 -0.0402041 -1.63055 -0.0677429 0.0427656 0.996786 82.2443
0.996561 -0.0403029 0.0723964 -0.617673 0.0436032 0.998053 -0.0446002 -1.68949 -0.0704579 0.0476036 0.996378 83.2399
0.996275 -0.0362022 0.0782615 -0.631563 0.0397898 0.998204 -0.0447779 -1.74706 -0.0764999 0.0477252 0.995927 84.2382
0.997246 -0.0313088 0.0672344 -0.0824006 0.0341879 0.998528 -0.0421062 -1.80558 -0.0658171 0.0442889 0.996848 85.0718
0.996572 -0.0340262 0.0754109 -0.189585 0.0368477 0.99866 -0.0363452 -1.93289 -0.0740732 0.0389994 0.99649 86.0579
0.995849 -0.0379282 0.0827459 -0.176067 0.0406105 0.998695 -0.0309777 -1.99652 -0.081463 0.0342094 0.996089 87.0558
0.995876 -0.0435428 0.0795983 0.293102 0.0459952 0.998514 -0.0292404 -1.98157 -0.0782068 0.032781 0.996398 87.9387
0.995672 -0.0368 0.0853424 0.5932 0.0397569 0.998657 -0.0332105 -1.87325 -0.0840057 0.0364597 0.995798 88.8865
0.994526 -0.0314647 0.0996424 0.602124 0.0349515 0.998829 -0.0334427 -1.92847 -0.0984735 0.0367423 0.994461 89.8849
0.992614 -0.027067 0.118258 0.637 0.0311116 0.998988 -0.0324898 -1.96648 -0.117259 0.035929 0.992451 90.8836
0.989376 -0.028621 0.142534 0.656002 0.0334196 0.998948 -0.0313863 -2.00803 -0.141486 0.0358162 0.989292 91.8825
0.984618 -0.0328834 0.171599 0.814565 0.0384939 0.998824 -0.0294705 -2.07069 -0.170428 0.0356227 0.984726 92.8679
0.979363 -0.0357335 0.198927 1.09684 0.0418921 0.998762 -0.0268354 -2.11367 -0.197721 0.0346151 0.979647 93.8263
0.972104 -0.0369546 0.231622 1.13206 0.0435242 0.99878 -0.0233157 -2.16597 -0.230478 0.0327465 0.972526 94.8243
0.964641 -0.0370897 0.260943 1.67096 0.0440837 0.998807 -0.0209987 -2.21315 -0.259853 0.0317595 0.965126 95.6653
