1 0 0 0 0 1 0 0 0 0 1 0
0.999982 -0.00521171 0.00290263 -0.217877 0.00521646 0.999985 -0.00163067 -0.00603945 -0.00289409 0.00164578 0.999994 1.05087
0.99999 -0.00437179 0.000850935 -0.255578 0.0043735 0.999988 -0.00201035 -0.0399554 -0.000842136 0.00201405 0.999998 2.02704
0.999983 -0.00554459 0.00206208 -0.543206 0.00555333 0.999976 -0.00425717 -0.0143168 -0.00203842 0.00426855 0.999989 3.04437
0.999991 -0.00424286 -0.000992399 -0.813931 0.00423676 0.999973 -0.00606607 0.0268529 0.00101811 0.00606181 0.999981 3.97696
0.999904 0.00424995 -0.0132232 -0.362392 -0.00430484 0.999982 -0.00412572 -0.0728936 0.0132055 0.00418225 0.999904 5.62582
0.994799 0.0288884 -0.0976757 0.821108 -0.0244643 0.998633 0.0461917 -0.920138 0.0988766 -0.0435619 0.994146 6.54666
0.493387 0.0228478 0.86951 -16.2868 0.0537126 0.996947 -0.0566746 0.914064 -0.86815 0.0746661 0.490654 11.3547
0.485419 0.0262734 0.873887 -16.2868 0.0474877 0.99728 -0.0563613 0.914076 -0.872991 0.0688577 0.482851 11.3548
-0.482439 0.112844 0.86863 -16.287 0.166266 0.985435 -0.0356742 0.914074 -0.860005 0.127213 -0.494175 11.3561
-0.469945 0.107279 0.876152 -15.7767 0.159398 0.986583 -0.0353037 0.871566 -0.868184 0.123066 -0.48074 10.3717
-0.479999 0.103477 0.871145 -14.8758 0.161223 0.986511 -0.0283471 0.643579 -0.862327 0.126842 -0.490208 10.3442
-0.47546 0.0916736 0.874948 -13.9623 0.155379 0.987671 -0.0190491 0.225075 -0.865907 0.126891 -0.483842 9.62607
-0.433151 0.0947395 0.896328 -13.3572 0.156111 0.987316 -0.0289157 0.412443 -0.887699 0.127402 -0.442447 7.93436
-0.426084 0.0939755 0.899789 -12.3188 0.156357 0.987273 -0.0290715 0.367475 -0.891069 0.128301 -0.435355 7.30715
-0.434112 0.0971996 0.8956 -11.4003 0.15797 0.986971 -0.0305455 0.349153 -0.8869 0.128218 -0.443811 7.13794
-0.442412 0.094512 0.891818 -10.685 0.152294 0.987905 -0.0291453 0.199483 -0.883786 0.122924 -0.451455 6.93751
-0.444763 0.0979325 0.890278 -9.8313 0.151638 0.987888 -0.0329149 0.204912 -0.882718 0.12036 -0.454227 6.69151
-0.439406 0.107044 0.891888 -8.93012 0.163954 0.985754 -0.037535 0.34934 -0.8832 0.129736 -0.450696 6.34604
-0.445232 0.109033 0.888752 -8.18781 0.172232 0.984452 -0.0344915 0.322137 -0.878695 0.137714 -0.457089 6.0905
-0.454571 0.109774 0.88392 -7.37736 0.188547 0.981747 -0.0249602 0.294537 -0.870526 0.155314 -0.466971 5.80243
-0.454633 0.110903 0.883748 -6.44527 0.192816 0.980944 -0.023909 0.295204 -0.869558 0.159531 -0.467353 5.46685
-0.458285 0.111126 0.881831 -5.42659 0.189979 0.981471 -0.0249504 0.2634 -0.868264 0.156095 -0.470905 5.1722
-0.468145 0.120665 0.875375 -4.31324 0.143616 0.987851 -0.0593642 0.264341 -0.871903 0.0979271 -0.479787 4.89403
-0.472307 0.12593 0.872392 -3.39821 0.15337 0.986385 -0.0593514 0.246194 -0.867988 0.105767 -0.48519 4.65023
-0.475764 0.122545 0.870994 -2.56556 0.152401 0.986754 -0.0555854 0.146535 -0.866269 0.106295 -0.488139 4.34882
-0.478164 0.278208 0.833042 -1.15759 0.170402 0.959867 -0.222753 3.3585 -0.861581 0.0354394 -0.506381 4.40058
-0.48328 0.27328 0.83172 -0.257627 0.168554 0.961302 -0.217917 3.0578 -0.859087 0.0348749 -0.510641 4.06778
-0.484258 0.271851 0.831619 0.587011 0.170829 0.961588 -0.214862 2.82597 -0.858086 0.0380164 -0.512097 3.5938
-0.485487 0.271237 0.831103 0.865343 0.171371 0.961736 -0.213765 2.74934 -0.857283 0.0386466 -0.513393 3.43055
-0.486754 0.272986 0.829788 0.871791 0.172958 0.961228 -0.214771 2.74705 -0.856245 0.038978 -0.515097 3.42668
-0.690727 0.266676 0.672147 0.90078 0.228252 0.962399 -0.147272 2.73251 -0.686147 0.0516939 -0.725624 3.48239
-0.694769 0.268562 0.667211 0.916885 0.227994 0.962065 -0.149833 2.72848 -0.682139 0.0480206 -0.729644 3.4714
-0.845276 0.253124 0.470571 0.991457 0.264556 0.963411 -0.0430106 2.69449 -0.46424 0.0881364 -0.881313 3.51586
-0.845574 0.254238 0.469434 1.63619 0.268279 0.962588 -0.0380799 2.63095 -0.461553 0.09374 -0.882146 2.70527
-0.843504 0.253345 0.473621 1.98633 0.268371 0.962607 -0.0369484 2.57635 -0.465271 0.0959402 -0.879953 1.83862
-0.841731 0.26542 0.47015 2.33586 0.281683 0.958795 -0.0369722 2.54734 -0.460591 0.101313 -0.881812 1.42386
-0.598911 0.26537 0.755569 2.1182 0.23115 0.960626 -0.154166 2.65393 -0.76673 0.082318 -0.63667 1.04377
-0.486409 0.269757 0.831046 2.38784 0.196468 0.960556 -0.196804 2.63169 -0.851356 0.0675473 -0.520222 0.457327
-0.48691 0.27103 0.830338 2.47636 0.199119 0.960051 -0.196606 2.61337 -0.850453 0.0696071 -0.521425 0.412897
-0.487893 0.270331 0.829989 2.57673 0.199965 0.960165 -0.195185 2.58895 -0.849691 0.0707392 -0.522514 0.363021
-0.493632 0.26975 0.826779 3.47555 0.201632 0.960274 -0.19292 2.40823 -0.845974 0.0714736 -0.528412 0.137446
-0.460538 0.314109 0.830205 4.45577 0.293258 0.936618 -0.191692 2.36321 -0.837798 0.155183 -0.523463 -0.395968
-0.0149114 0.178643 0.983801 4.52471 0.16231 0.971293 -0.173911 1.437 -0.986627 0.157088 -0.0434788 -8.79922
-0.0147538 0.176225 0.984239 4.84657 0.162334 0.971709 -0.171548 1.38002 -0.986626 0.157245 -0.0429438 -8.80759
-0.0173122 0.173534 0.984676 5.28485 0.157514 0.972999 -0.168707 1.29366 -0.987365 0.152179 -0.0441788 -8.79541
-0.020902 0.173586 0.984597 5.78025 0.157466 0.973092 -0.168214 1.17741 -0.987303 0.151524 -0.0476734 -8.70533
-0.0227953 0.175368 0.984239 6.33665 0.158343 0.972702 -0.169645 1.07172 -0.987121 0.15198 -0.0499412 -8.68062
-0.0223325 0.177228 0.983916 6.93817 0.158058 0.97241 -0.171568 0.96185 -0.987177 0.151685 -0.0497287 -8.67229
-0.0216051 0.00224528 0.999764 7.99482 0.59432 0.804153 0.0110374 0.825612 -0.803938 0.594419 -0.0187082 -8.71134
0.069971 0.0105876 0.997493 9.30709 0.59297 0.803663 -0.0501252 1.56694 -0.802178 0.594991 0.0499549 -9.5484
0.359308 0.0793476 0.92984 11.4196 0.548138 0.788449 -0.279093 3.81636 -0.755276 0.609961 0.239803 -11.4076
0.356566 0.0837781 0.930506 11.8845 0.547055 0.788654 -0.280636 3.63153 -0.757358 0.609103 0.235376 -11.2388
0.360559 0.0912487 0.928262 20.1821 0.542979 0.788658 -0.288431 1.16319 -0.7584 0.608023 0.234812 -9.06181
0.720335 0.108851 0.685032 72.5246 0.293 0.847419 -0.442754 17.9154 -0.628703 0.519646 0.578533 -57.1
0.984257 0.152779 -0.0888673 72.8971 -0.17415 0.752462 -0.635195 17.963 -0.0301751 0.640671 0.767222 -57.1498
0.64454 0.0789663 0.760481 72.5632 0.466806 0.7471 -0.473215 17.928 -0.605524 0.660004 0.444674 -57.0431
0.640473 0.0766392 0.764147 72.6455 0.472737 0.744814 -0.470927 17.8858 -0.605239 0.662857 0.440803 -56.9826
0.702608 0.0886981 0.706028 72.6848 0.433323 0.73368 -0.523397 17.9128 -0.564423 0.673681 0.477054 -56.9582
0.68584 0.0768361 0.723685 72.7325 0.455956 0.729677 -0.509584 17.2132 -0.56721 0.679461 0.465408 -56.2978
0.646161 0.0682188 0.760146 72.3409 0.488957 0.727744 -0.480947 16.539 -0.586001 0.682448 0.436883 -55.5931
0.718697 0.0779987 0.690935 75.1754 0.44242 0.715292 -0.540945 17.4491 -0.536413 0.694459 0.47957 -56.0618
0.718203 0.0728393 0.69201 75.7406 0.443379 0.718566 -0.535796 16.9274 -0.536282 0.691633 0.483781 -55.6433
0.710649 0.0760217 0.699428 76.1556 0.444295 0.722337 -0.529935 16.3601 -0.545509 0.68735 0.479552 -55.1249
0.696374 0.090786 0.711913 76.4769 0.446815 0.721423 -0.529061 15.7363 -0.561622 0.686518 0.461816 -54.4059
0.692097 0.0990766 0.714972 77.1654 0.44793 0.717775 -0.533064 14.9752 -0.566004 0.68919 0.452391 -53.6495
0.693877 0.102369 0.71278 77.6953 0.447768 0.71387 -0.538418 14.6582 -0.563949 0.692756 0.4495 -53.3835
0.700083 0.105025 0.706296 78.6391 0.439567 0.716112 -0.542185 14.1373 -0.56273 0.690039 0.455172 -52.9503
0.743136 0.101854 0.661343 80.3093 0.401122 0.723269 -0.562124 15.2169 -0.535583 0.683014 0.496632 -54.5951
0.657552 0.100646 0.746656 78.3239 0.467672 0.722462 -0.509246 12.4111 -0.590684 0.684046 0.427988 -51.3333
0.643959 0.0979666 0.758761 78.4124 0.481001 0.719395 -0.501108 11.9049 -0.594941 0.687658 0.416139 -50.7691
0.656263 0.104254 0.747295 79.0907 0.461602 0.727974 -0.506929 11.2655 -0.596861 0.677632 0.429619 -50.3968
0.661825 0.104177 0.742385 79.699 0.456854 0.72911 -0.509592 10.9853 -0.594368 0.676422 0.434949 -50.2256
0.710211 0.0564586 0.701722 81.4941 0.480501 0.689618 -0.541799 12.0183 -0.514509 0.721969 0.462645 -50.4374
0.171937 0.0741701 0.982312 81.4536 0.744251 0.643507 -0.178857 11.9805 -0.64539 0.761838 0.0554414 -50.3927
0.17929 0.0681143 0.981435 81.4739 0.74284 0.644693 -0.180446 11.9393 -0.645015 0.761401 0.0649888 -50.4128
0.227717 0.0996229 0.968618 81.5692 0.731988 0.638487 -0.237756 11.9311 -0.642136 0.763158 0.0724717 -50.4075
0.417784 0.163881 0.893644 81.3488 0.651605 0.631396 -0.420417 11.9484 -0.633142 0.757946 0.157002 -49.9976
0.366642 0.168016 0.915065 81.4375 0.674222 0.629765 -0.385774 10.2739 -0.641092 0.758398 0.117618 -48.6127
0.361022 0.174022 0.916176 82.0394 0.675985 0.627948 -0.385649 9.78213 -0.642423 0.758549 0.109067 -48.3722
0.766608 0.203369 0.609059 95.5393 0.363144 0.644949 -0.672434 17.5441 -0.529565 0.736669 0.42057 -58.5327
0.766989 0.205585 0.607834 96.0872 0.361179 0.644642 -0.673785 17.0403 -0.530356 0.736323 0.42018 -58.3019
0.77217 0.203487 0.601952 96.6689 0.355472 0.646887 -0.674668 16.5006 -0.526681 0.734936 0.427173 -58.0639
0.387618 0.202343 0.899339 88.5054 0.655298 0.625683 -0.423209 6.84411 -0.648334 0.753378 0.109931 -47.1532
0.942683 0.214838 0.25533 111.889 0.0494736 0.666733 -0.743653 15.0728 -0.330002 0.713661 0.617889 -62.7165
0.974988 0.219805 0.0329205 111.907 -0.132465 0.69362 -0.708056 15.0545 -0.178469 0.685986 0.705388 -62.7032
0.941247 0.229327 -0.247916 111.925 -0.335718 0.71514 -0.613081 15.0848 0.0366984 0.660291 0.750113 -62.6654
0.657438 0.20224 0.725861 111.912 0.434717 0.685027 -0.584601 15.0847 -0.615464 0.699883 0.362446 -62.6607
0.438834 0.213347 0.872873 111.912 0.570548 0.684302 -0.454098 15.0823 -0.69419 0.69729 0.17857 -62.6583
0.422789 0.196157 0.884744 112.574 0.581496 0.690079 -0.430875 14.0522 -0.695063 0.696644 0.177693 -62.5095
0.414966 0.190583 0.889653 112.612 0.589229 0.688766 -0.422386 13.9586 -0.693262 0.699485 0.173517 -62.4178
0.412616 0.185369 0.891845 112.612 0.595573 0.685913 -0.41811 14.0087 -0.689232 0.703677 0.172618 -62.4577
0.35752 0.177752 0.916834 111.996 0.62014 0.688854 -0.375376 12.7858 -0.698288 0.70277 0.136048 -61.5297
0.326329 0.17339 0.929218 113.12 0.628866 0.694097 -0.350366 11.5474 -0.705718 0.698688 0.117465 -60.8571
0.324457 0.191897 0.926231 114.783 0.621439 0.694984 -0.361676 11.3095 -0.713121 0.692945 0.10624 -60.3653
0.286882 0.204443 0.935896 115.132 0.632143 0.69366 -0.345299 10.5385 -0.719787 0.69068 0.0697615 -59.2554
0.287954 0.216324 0.932891 116.498 0.631971 0.688988 -0.354836 11.0731 -0.719511 0.691736 0.0616867 -59.8351
0.156536 0.201987 0.966798 115.511 0.677201 0.690593 -0.253928 7.97885 -0.718954 0.694465 -0.0286834 -56.7829
0.122785 0.201428 0.971777 116.781 0.686882 0.689512 -0.229709 7.45324 -0.716322 0.695701 -0.0536954 -56.6072
0.0929116 0.200805 0.975215 117.638 0.693263 0.68998 -0.208122 7.45962 -0.714671 0.695417 -0.0751035 -56.8938
