1 0 0 0 0 1 0 0 0 0 1 0
0.999985 -0.0052427 -0.00145052 -0.129425 0.00524048 0.999985 -0.00153543 0.00352741 0.00145855 0.0015278 0.999998 0.992115
0.99998 -0.00457543 -0.00447605 -0.155905 0.00456477 0.999987 -0.00238853 -0.0220999 0.00448692 0.00236805 0.999987 1.98461
0.999963 -0.00545363 -0.00665496 -0.271251 0.00543024 0.999979 -0.00352838 -0.0206852 0.00667406 0.00349211 0.999972 2.80093
0.999939 -0.00473333 -0.0100046 -0.338244 0.00470131 0.999984 -0.00322146 -0.0453915 0.0100196 0.00317423 0.999945 3.67914
0.999864 -0.00491731 -0.0157188 -0.299376 0.00486428 0.999982 -0.00340968 -0.0595772 0.0157353 0.00333275 0.999871 4.22223
0.999783 -0.0040283 -0.0204167 -0.340449 0.00393501 0.999982 -0.00460724 -0.068884 0.0204349 0.0045259 0.999781 4.79636
0.999965 -0.00144833 0.00825915 -1.22803 0.00154167 0.999935 -0.0113062 0.0740069 -0.00824224 0.0113185 0.999902 5.15888
0.999991 -0.000629314 0.00430181 -1.22855 0.000673427 0.999947 -0.0102608 0.0716812 -0.00429513 0.0102636 0.999938 5.96368
0.999998 -0.00169767 -0.000505634 -1.29517 0.00169335 0.999963 -0.00842518 0.0836436 0.000519918 0.00842431 0.999964 7.00614
0.999991 -2.44275e-05 -0.0041455 -1.27179 3.92935e-06 0.999988 -0.00494462 0.0251269 0.00414557 0.00494456 0.999979 7.89103
0.999991 0.000667157 -0.00428365 -1.40221 -0.000691257 0.999984 -0.00562688 0.0202757 0.00427982 0.00562979 0.999975 8.89332
0.999989 0.00240292 -0.00395391 -1.42571 -0.00242292 0.999984 -0.00506215 -0.0299198 0.00394168 0.00507167 0.999979 9.75467
0.999975 -0.000928407 -0.00706589 -1.44054 0.000887059 0.999982 -0.00585267 -0.0289213 0.0070712 0.00584625 0.999958 10.7001
0.999956 -0.0013575 -0.00926297 -1.4874 0.00130641 0.999984 -0.00551922 -0.0332463 0.00927031 0.00550688 0.999942 11.6688
0.999953 -0.0036477 -0.00894074 -1.58889 0.00359353 0.999975 -0.00606833 -0.0404172 0.00896265 0.00603592 0.999942 12.6293
0.999945 -0.00264168 -0.0101135 -1.68564 0.00255433 0.999959 -0.00864018 -0.0452916 0.0101359 0.00861388 0.999912 13.5736
0.999943 -0.00207152 -0.0104654 -1.78393 0.00195195 0.999933 -0.0114226 -0.0476248 0.0104884 0.0114015 0.99988 14.5562
0.999938 -0.00265361 -0.0107695 -1.91733 0.0025136 0.999912 -0.012993 -0.0314794 0.0108031 0.0129651 0.999858 15.5768
0.999916 -0.00506908 -0.0119586 -1.99546 0.00491559 0.999906 -0.0128295 -0.0229127 0.0120225 0.0127697 0.999846 16.6363
0.99988 -0.00837779 -0.0130034 -2.07925 0.00822226 0.999895 -0.0119683 -0.00926718 0.0131023 0.0118599 0.999844 17.5722
0.999824 -0.0110767 -0.015116 -2.10106 0.0109159 0.999883 -0.0106779 -0.000804629 0.0152325 0.010511 0.999829 18.3535
0.999808 -0.0126425 -0.0149454 -2.19306 0.0124825 0.999864 -0.0107537 -0.00041577 0.0150793 0.0105651 0.99983 19.2292
0.999777 -0.0134667 -0.016261 -2.23882 0.0132792 0.999845 -0.0115871 -0.0107177 0.0164145 0.0113686 0.999801 20.0605
0.999809 -0.0100106 -0.016802 -2.23965 0.00980255 0.999875 -0.0124165 -0.0661664 0.0169242 0.0122495 0.999782 21.0201
0.999692 -0.0106906 -0.0224064 -2.17196 0.0104326 0.999878 -0.0115968 -0.0587683 0.0225277 0.0113594 0.999682 22.052
0.99991 -0.00974385 -0.00919047 -2.64541 0.00966299 0.999915 -0.00880214 -0.0867138 0.00927545 0.00871254 0.999919 23.1543
0.999965 -0.00692835 -0.00463649 -2.83177 0.00690453 0.999963 -0.00513398 -0.116765 0.00467189 0.00510179 0.999976 23.9867
0.999954 -0.00918584 -0.00272665 -2.87522 0.00917992 0.999956 -0.0021734 -0.12937 0.00274649 0.00214827 0.999994 24.9094
0.999956 -0.00934268 -0.000782945 -2.92723 0.00934131 0.999955 -0.0017379 -0.1353 0.000799146 0.00173051 0.999998 25.7951
0.999956 -0.00940454 0.00063102 -2.95 0.00940745 0.999944 -0.00478173 -0.139474 -0.000586015 0.00478746 0.999988 26.4859
0.999977 -0.00669555 0.00064325 -2.92622 0.00670164 0.999928 -0.0099797 -0.158657 -0.000576384 0.00998379 0.99995 27.0696
0.999956 -0.00940309 -0.000122361 -2.91553 0.00940061 0.999866 -0.0133736 -0.144945 0.000248098 0.0133719 0.999911 27.8578
0.999962 -0.00853837 0.00145295 -2.93061 0.00855673 0.999877 -0.0131354 -0.166309 -0.00134062 0.0131474 0.999913 28.4723
0.999936 -0.0112816 0.000684614 -2.92235 0.0112869 0.999902 -0.00823676 -0.180795 -0.000591623 0.00824396 0.999966 29.1143
0.999913 -0.0128726 -0.00295223 -2.85192 0.0128596 0.999908 -0.00439641 -0.219586 0.00300855 0.00435806 0.999986 29.7363
0.999756 -0.022064 -0.00082465 -2.98107 0.0220589 0.999741 -0.005675 -0.209844 0.000949649 0.00565542 0.999984 30.5248
0.999709 -0.0241349 -0.000328662 -3.07274 0.0241309 0.999667 -0.00910824 -0.247201 0.000548379 0.00909765 0.999958 31.4798
0.999715 -0.0238565 -0.00019269 -3.08988 0.0238519 0.999629 -0.0131226 -0.25702 0.000505678 0.0131143 0.999914 32.3211
0.99964 -0.0268355 0.000192582 -3.14284 0.0268355 0.999542 -0.0139844 -0.216778 0.000182783 0.0139845 0.999902 33.1736
0.999644 -0.0263136 -0.00450856 -3.02261 0.0262534 0.999572 -0.0129401 -0.240875 0.00484713 0.0128171 0.999906 34.0676
0.99964 -0.0261142 -0.00612933 -3.10013 0.0260518 0.99961 -0.0100431 -0.247702 0.0063892 0.00987977 0.999931 35.2615
0.999558 -0.029157 -0.00575078 -3.24493 0.0291031 0.999534 -0.00924116 -0.237347 0.00601754 0.00906971 0.999941 36.286
0.999603 -0.0270658 -0.00777042 -3.22252 0.0270155 0.999614 -0.00650418 -0.254702 0.00794346 0.00629168 0.999949 36.992
0.999565 -0.0283027 -0.00826259 -3.23239 0.0282707 0.999592 -0.003962 -0.253835 0.00837136 0.00372668 0.999958 37.6172
0.999706 -0.0232615 -0.00686937 -3.28148 0.0232525 0.999729 -0.00138842 -0.264552 0.0068998 0.00122828 0.999975 38.2602
0.999656 -0.0252797 -0.00703876 -3.31742 0.0252695 0.99968 -0.00153288 -0.269237 0.00707526 0.00135449 0.999974 39.0068
0.999631 -0.0261609 -0.00726863 -3.34761 0.0261377 0.999653 -0.00326098 -0.270793 0.00735142 0.00306979 0.999968 39.8395
0.99966 -0.0251829 -0.00681589 -3.40912 0.0251454 0.999669 -0.00552949 -0.26974 0.00695288 0.00535622 0.999961 40.7074
0.999621 -0.0261879 -0.00848728 -3.41513 0.0261423 0.999643 -0.00544608 -0.278813 0.00862688 0.00522214 0.999949 41.5252
0.99952 -0.0290664 -0.010736 -3.43556 0.0290163 0.999567 -0.00478506 -0.28112 0.0108705 0.00447124 0.999931 42.3835
0.999438 -0.0302233 -0.0144819 -3.38549 0.0301538 0.999533 -0.00499678 -0.267005 0.0146262 0.00455729 0.999883 43.1772
0.999554 -0.0263954 -0.0139977 -3.41151 0.0262822 0.999621 -0.00820954 -0.306127 0.0142091 0.00783798 0.999868 44.0027
0.999502 -0.0262644 -0.0174778 -3.40917 0.0260291 0.999569 -0.0135557 -0.301869 0.0178263 0.013094 0.999755 44.9975
0.999471 -0.0253593 -0.0203558 -3.37769 0.0250414 0.999563 -0.0157253 -0.301106 0.0207457 0.0152073 0.999669 45.9521
0.999506 -0.0264947 -0.0169328 -3.53374 0.0263036 0.999589 -0.0114116 -0.354835 0.0172282 0.0109605 0.999792 46.9125
0.999468 -0.0286826 -0.0155264 -3.71268 0.0285618 0.99956 -0.00794707 -0.409033 0.0157475 0.00749938 0.999848 47.8614
0.999478 -0.0282805 -0.0156341 -3.71836 0.0281726 0.999578 -0.00708176 -0.44551 0.0158278 0.00663761 0.999853 48.8261
0.999448 -0.0297473 -0.0147711 -3.78643 0.0296359 0.999531 -0.00770265 -0.495918 0.0149933 0.00726065 0.999861 49.8122
0.999348 -0.0334134 -0.0136726 -3.91738 0.0332864 0.999402 -0.00941568 -0.499055 0.0139791 0.00895443 0.999862 50.8439
0.999262 -0.0355361 -0.0145715 -3.9788 0.0354081 0.999333 -0.00894881 -0.502705 0.0148798 0.00842626 0.999854 51.7755
0.999242 -0.0360464 -0.0147076 -4.03016 0.0359689 0.999338 -0.00549883 -0.53047 0.014896 0.00496565 0.999877 52.6255
0.99924 -0.0362804 -0.0142674 -4.09392 0.0362745 0.999342 -0.000677517 -0.553279 0.0142826 0.000159459 0.999898 53.5088
0.999319 -0.0344627 -0.0132191 -4.19729 0.0344808 0.999405 0.0011459 -0.564309 0.0131718 -0.00160093 0.999912 54.418
0.999336 -0.0339547 -0.0132081 -4.30697 0.0339063 0.999417 -0.00387645 -0.551939 0.013332 0.00342604 0.999905 55.336
0.999338 -0.0345374 -0.011471 -4.47409 0.0344009 0.999337 -0.0118896 -0.539255 0.0118741 0.0114872 0.999864 56.3202
0.999413 -0.0328466 -0.00973972 -4.60363 0.0326714 0.999311 -0.0176352 -0.530846 0.0103123 0.0173066 0.999797 57.2771
0.999535 -0.028138 -0.0117124 -4.60576 0.0279362 0.999464 -0.017051 -0.545397 0.0121859 0.0167159 0.999786 58.1821
0.999589 -0.0262963 -0.0113877 -4.69942 0.0261326 0.999556 -0.0142917 -0.59819 0.0117585 0.0139882 0.999833 59.1612
0.999612 -0.0247111 -0.0128495 -4.72878 0.0245367 0.999607 -0.0135522 -0.592872 0.0131793 0.0132317 0.999826 60.0691
0.999497 -0.023458 -0.0213191 -4.48853 0.0231888 0.999649 -0.0127879 -0.659009 0.0216116 0.0122871 0.999691 60.9416
0.999523 -0.0224881 -0.0211472 -4.62949 0.0222216 0.999672 -0.0127515 -0.66403 0.021427 0.0122755 0.999695 61.8886
0.999522 -0.0220598 -0.0216487 -4.70301 0.0217748 0.999674 -0.0133123 -0.676371 0.0219353 0.0128346 0.999677 62.7605
0.999485 -0.0234203 -0.0219388 -4.77614 0.0231159 0.999634 -0.0140261 -0.672431 0.0222593 0.0135117 0.999661 63.5336
0.999538 -0.0243437 -0.0181972 -4.98656 0.0241013 0.999619 -0.0134203 -0.684033 0.0185169 0.0129755 0.999744 64.3311
0.999575 -0.0223229 -0.0187287 -5.05671 0.0221315 0.999701 -0.0103648 -0.731718 0.0189545 0.00994591 0.999771 65.1944
0.999572 -0.0218992 -0.0193831 -5.13057 0.0217631 0.999737 -0.00720544 -0.728757 0.0195358 0.00678052 0.999786 66.027
0.999372 -0.0168417 -0.0311704 -4.82752 0.0167282 0.999852 -0.00389984 -0.815531 0.0312314 0.00337597 0.999506 66.8185
0.999375 -0.0140362 -0.0324294 -4.87927 0.0137756 0.999871 -0.0082451 -0.829892 0.032541 0.00779322 0.99944 67.6316
0.999478 -0.0139445 -0.029143 -5.11144 0.0135019 0.999791 -0.0153273 -0.860775 0.0293507 0.0149258 0.999458 68.5311
0.999494 -0.0150892 -0.0280167 -5.26475 0.0144642 0.999645 -0.0223773 -0.85351 0.0283444 0.0219607 0.999357 69.4483
0.999506 -0.0138252 -0.0282087 -5.29866 0.0131708 0.999643 -0.0232533 -0.891437 0.0285201 0.0228703 0.999332 70.3749
0.999552 -0.011502 -0.0276187 -5.38659 0.0109592 0.999745 -0.0197226 -0.919531 0.0278386 0.0194111 0.999424 71.2896
0.999502 -0.0112182 -0.0295081 -5.38485 0.0106917 0.999782 -0.0179383 -0.945862 0.0297029 0.0176138 0.999404 72.1689
0.999559 -0.0133889 -0.0264961 -5.47865 0.0127996 0.99967 -0.022286 -0.9494 0.0267857 0.0219371 0.9994 73.1045
0.999134 -0.0211922 -0.0358186 -5.19381 0.0202315 0.999431 -0.0269744 -1.00807 0.0363699 0.0262264 0.998994 73.9756
0.999169 -0.025423 -0.0318667 -5.34657 0.0243831 0.999171 -0.0326073 -1.01592 0.0326692 0.0318032 0.99896 74.7836
0.999464 -0.0227254 -0.0235469 -5.53827 0.021962 0.99924 -0.0321892 -1.06232 0.0242606 0.0316548 0.999204 75.5413
0.999267 -0.0173339 -0.0341198 -5.02336 0.0163496 0.999448 -0.0289183 -1.1209 0.0346022 0.0283393 0.998999 76.5611
0.999506 -0.0188697 -0.0251276 -5.26183 0.0182613 0.99954 -0.0242261 -1.21725 0.0255732 0.0237552 0.999391 77.5499
0.999592 -0.0225599 -0.0175186 -5.35946 0.0222111 0.999556 -0.0198556 -1.25246 0.0179587 0.0194584 0.999649 78.5348
0.999401 -0.0275743 -0.0209032 -4.95665 0.0272394 0.999499 -0.0161411 -1.27197 0.0213378 0.0155621 0.999651 79.4768
0.999533 -0.0230496 -0.020077 -4.61263 0.0226965 0.999587 -0.01764 -1.23859 0.0204753 0.0171761 0.999643 80.4184
0.999824 -0.0176583 -0.00641327 -4.59539 0.0175413 0.999687 -0.0178614 -1.26517 0.00672667 0.0177458 0.99982 81.2528
0.999813 -0.0126141 0.0146633 -4.70273 0.0128715 0.999762 -0.0175962 -1.27589 -0.0144379 0.0177817 0.999738 82.0943
0.999056 -0.0143842 0.0410021 -4.80503 0.0150412 0.999763 -0.01576 -1.31922 -0.0407657 0.0163619 0.999035 82.9456
0.997593 -0.017261 0.0671589 -4.67572 0.0183519 0.999709 -0.0156607 -1.30282 -0.0668691 0.0168555 0.997619 83.9191
0.995227 -0.0190591 0.0957059 -4.52095 0.0203515 0.999714 -0.0125457 -1.3537 -0.0954395 0.0144336 0.995331 84.8002
0.991322 -0.0196709 0.129976 -4.5625 0.0211704 0.999724 -0.0101647 -1.36845 -0.12974 0.0128281 0.991465 85.4415
0.98592 -0.0192977 0.1661 -4.34576 0.0210986 0.999736 -0.00908467 -1.38052 -0.165881 0.0124612 0.986067 86.2529
