0.999990761 -0.002571393 -0.003443429 0.000044938 0.002564250 0.999994576 -0.002077079 -0.000361272 0.003448751 0.002068230 0.999991894 0.041637920
0.999971151 -0.001191079 -0.007498301 -0.000581438 0.001164196 0.999992907 -0.003588550 -0.000619028 0.007502522 0.003579717 0.999965429 0.084128104
0.999936819 -0.001108370 -0.011184401 -0.001663204 0.001051547 0.999986529 -0.005085227 -0.000784078 0.011189886 0.005073145 0.999924541 0.127699673
0.999879122 0.000328879 -0.015543095 -0.003255588 -0.000418642 0.999983251 -0.005772247 -0.001101654 0.015540936 0.005778057 0.999862552 0.172646731
0.999798059 -0.000891684 -0.020077350 -0.004165201 0.000777543 0.999983490 -0.005692163 -0.001902864 0.020082096 0.005675402 0.999782205 0.217528462
0.999709070 0.000916468 -0.024103323 -0.006072776 -0.001077970 0.999977052 -0.006688240 -0.002758170 0.024096640 0.006712277 0.999687076 0.264098138
0.999560058 0.003492714 -0.029453944 -0.007600938 -0.003712277 0.999965727 -0.007403071 -0.003086587 0.029427078 0.007509155 0.999538720 0.311112523
0.999437273 0.003830849 -0.033322953 -0.009901015 -0.004028374 0.999974728 -0.005862492 -0.003499187 0.033299655 0.005993430 0.999427438 0.359814972
0.999286056 0.003003763 -0.037661541 -0.012009569 -0.003110182 0.999991357 -0.002767415 -0.004372364 0.037652899 0.002882573 0.999286711 0.409961879
0.999136031 0.002726904 -0.041470107 -0.013811292 -0.002745311 0.999996185 -0.000386917 -0.004784915 0.041468892 0.000500431 0.999139667 0.457036227
0.999044359 0.004197938 -0.043505833 -0.017013688 -0.004229866 0.999990821 -0.000641837 -0.005573688 0.043502741 0.000825247 0.999052942 0.507100880
0.998934269 0.003372485 -0.046032608 -0.019204060 -0.003446047 0.999992907 -0.001518773 -0.005304442 0.046027161 0.001675785 0.998938799 0.558129191
0.998840868 0.000838801 -0.048127547 -0.021352977 -0.000916281 0.999998331 -0.001587854 -0.006166255 0.048126131 0.001630112 0.998839915 0.608099163
0.998712838 0.000546866 -0.050718017 -0.023291992 -0.000598314 0.999999344 -0.000999217 -0.006357501 0.050717436 0.001028276 0.998712540 0.659949303
0.998680890 -0.001046682 -0.051335562 -0.027082771 0.000971220 0.999998391 -0.001494906 -0.006771949 0.051337045 0.001443077 0.998680353 0.711743534
0.998583794 0.001272589 -0.053186338 -0.030291157 -0.001454288 0.999993265 -0.003377701 -0.007739838 0.053181682 0.003450266 0.998578906 0.765165031
0.998506129 0.001525980 -0.054618243 -0.033295237 -0.001860920 0.999979794 -0.006082042 -0.008228130 0.054607857 0.006174596 0.998488784 0.817441702
0.998387039 0.005171675 -0.056538206 -0.036857028 -0.005609740 0.999955416 -0.007592167 -0.009202573 0.056496423 0.007897086 0.998371542 0.871730626
0.998310566 0.006061897 -0.057786092 -0.040091265 -0.006490357 0.999952793 -0.007229804 -0.009933605 0.057739541 0.007592643 0.998302817 0.925290167
0.998207986 0.005554865 -0.059582036 -0.043191798 -0.005898159 0.999966979 -0.005587379 -0.010840989 0.059549030 0.005928791 0.998207748 0.980472147
0.998147130 0.005759112 -0.060573455 -0.046985377 -0.006031913 0.999972463 -0.004321751 -0.011376919 0.060546901 0.004679117 0.998154402 1.034675717
0.998103738 0.005273105 -0.061327666 -0.051084366 -0.005481531 0.999979734 -0.003230820 -0.013048956 0.061309390 0.003560863 0.998112440 1.090280414
0.998009622 0.005403654 -0.062829651 -0.054489721 -0.005740215 0.999970138 -0.005177448 -0.012964669 0.062799804 0.005527798 0.998010814 1.145069599
0.997948349 0.004002748 -0.063898481 -0.058026597 -0.004354851 0.999976099 -0.005372034 -0.014232004 0.063875444 0.005639281 0.997941971 1.200972676
0.997864246 0.003725801 -0.065215275 -0.060959261 -0.003981731 0.999984860 -0.003794864 -0.014581915 0.065200150 0.004046429 0.997864008 1.256883144
0.997848868 0.005374817 -0.065335475 -0.065072104 -0.005460600 0.999984443 -0.001134457 -0.014930385 0.065328367 0.001488788 0.997862697 1.313814878
0.997874856 0.006165645 -0.064867087 -0.068664268 -0.005985842 0.999977708 0.002965854 -0.015564620 0.064883925 -0.002571267 0.997889519 1.369350672
0.997972906 0.005260298 -0.063422464 -0.072030626 -0.004906102 0.999971509 0.005739155 -0.015816422 0.063450851 -0.005416364 0.997970283 1.426645041
0.998058796 0.005266428 -0.062055580 -0.075699873 -0.004871023 0.999966860 0.006521342 -0.016198577 0.062087871 -0.006206409 0.998051405 1.483577251
0.998058796 0.005266428 -0.062055580 -0.075699873 -0.004871023 0.999966860 0.006521342 -0.016198577 0.062087871 -0.006206409 0.998051405 1.483577251
