1 -0.000257389 3.56963e-05 0.000117753 0.000257378 1 0.000331247 -5.94569e-06 -3.57816e-05 -0.000331238 1 0.000122568
0.999992 -0.00235534 -0.00328222 -0.00568913 0.00234779 0.999995 -0.00230075 0.0122807 0.00328762 0.00229302 0.999992 1.02952
0.999978 -0.00115651 -0.00659549 -0.0380961 0.00113048 0.999992 -0.00394899 0.00533938 0.0066 0.00394145 0.99997 2.2064
0.999928 -0.00113198 -0.0119277 -0.0356645 0.00105797 0.99998 -0.00620967 0.0163682 0.0119344 0.00619661 0.99991 3.19433
0.999858 0.000367261 -0.0168362 -0.0586681 -0.000476496 0.999979 -0.00648459 -0.00454147 0.0168334 0.0064917 0.999837 4.19848
0.999843 -0.000484607 -0.0177024 -0.13941 0.000361749 0.999976 -0.00694272 -0.025183 0.0177054 0.00693522 0.999819 5.30922
0.999824 0.000923697 -0.0187178 -0.216938 -0.00107982 0.999965 -0.00833247 -0.0437252 0.0187094 0.00835122 0.99979 6.41634
0.999642 0.00380387 -0.0264933 -0.195506 -0.00405169 0.999948 -0.00930682 -0.0504083 0.0264565 0.00941083 0.999606 7.35653
0.999518 0.00284528 -0.0309003 -0.220702 -0.00303888 0.999976 -0.00622025 -0.0829304 0.0308819 0.00631116 0.999503 8.30173
0.999278 0.00212217 -0.0379247 -0.226424 -0.00234624 0.99998 -0.00586481 -0.0563719 0.0379115 0.00594956 0.999263 9.22965
0.999044 0.000223983 -0.0437113 -0.235919 -0.0003463 0.999996 -0.00279073 -0.0739321 0.0437105 0.0028032 0.99904 10.2074
0.999085 0.0024883 -0.0427061 -0.388692 -0.00267307 0.999987 -0.00426999 -0.0704319 0.0426949 0.00438024 0.999079 11.3645
0.999022 0.00212839 -0.0441596 -0.45458 -0.00239061 0.99998 -0.00588586 -0.0497291 0.0441462 0.00598567 0.999007 12.4216
0.998925 0.00189878 -0.0463062 -0.481005 -0.0022155 0.999974 -0.00678925 -0.0875761 0.0462922 0.00688454 0.998904 13.484
0.998781 -0.00088549 -0.0493623 -0.517818 0.000675281 0.999991 -0.00427501 -0.10405 0.0493657 0.00423646 0.998772 14.5086
0.998823 -0.00211296 -0.0484508 -0.640293 0.00189514 0.999988 -0.00454114 -0.125158 0.0484598 0.00444397 0.998815 15.4892
0.998606 0.00113208 -0.0527635 -0.647601 -0.00150559 0.999974 -0.00703972 -0.138883 0.0527541 0.00710935 0.998582 16.4445
0.998748 0.00244931 -0.0499712 -0.7908 -0.00292741 0.999951 -0.00949661 -0.164772 0.0499455 0.009631 0.998706 17.4527
0.99867 0.0071232 -0.0510601 -0.875721 -0.00767738 0.999914 -0.0106655 -0.191748 0.0509797 0.0110433 0.998639 18.5446
0.998596 0.0074786 -0.0524371 -0.925275 -0.00791733 0.999935 -0.00816406 -0.239978 0.0523726 0.00856776 0.998591 19.5316
0.998711 0.00621488 -0.0503841 -1.05703 -0.00652613 0.999961 -0.00601544 -0.270347 0.0503448 0.0063365 0.998712 20.654
0.99878 0.00686422 -0.0489086 -1.17158 -0.00710494 0.999963 -0.00474959 -0.288573 0.0488742 0.00509129 0.998792 21.7528
0.998734 0.0103606 -0.0492232 -1.21317 -0.0106528 0.999927 -0.00567807 -0.333518 0.0491608 0.00619524 0.998772 22.8075
0.998618 0.0109583 -0.0513973 -1.26839 -0.0113053 0.999915 -0.00646574 -0.349324 0.0513221 0.00703786 0.998657 23.7946
0.998693 0.0115866 -0.0497829 -1.36616 -0.0119782 0.9999 -0.00757614 -0.358603 0.0496901 0.00816255 0.998731 24.6518
0.998632 0.011366 -0.0510417 -1.40597 -0.0116183 0.999922 -0.00465035 -0.384713 0.0509849 0.00523701 0.998686 25.6716
0.998786 0.0140737 -0.047214 -1.51584 -0.01421 0.999896 -0.00255267 -0.389872 0.0471732 0.00322048 0.998882 26.6452
0.998556 0.0141407 -0.0518211 -1.50793 -0.014148 0.9999 0.000226451 -0.383267 0.0518191 0.000507041 0.998656 27.581
0.998701 0.0132952 -0.0491818 -1.5912 -0.013162 0.999909 0.00303178 -0.386373 0.0492177 -0.00238051 0.998785 28.57
0.998765 0.0142807 -0.0475795 -1.6517 -0.0141624 0.999896 0.00282237 -0.381033 0.0476148 -0.00214504 0.998863 29.6015
