1 0 0 0 0 1 0 0 0 0 1 0
0.999987 -0.00515272 0.00012471 -0.183987 0.00515298 0.999984 -0.00219164 0.00568044 -0.000113415 0.00219226 0.999998 0.982912
0.999982 -0.000931912 -0.00589577 -0.0907134 0.000896968 0.999982 -0.00592692 0.0523279 0.00590119 0.00592153 0.999965 1.97746
0.999966 -0.00209196 -0.00792694 -0.126473 0.00204022 0.999977 -0.00653044 0.00870728 0.00794042 0.00651405 0.999947 2.97587
0.999902 -0.00217654 -0.0138216 -0.237326 0.00204222 0.999951 -0.00972522 0.0713287 0.0138421 0.00969604 0.999857 3.96773
0.999899 -0.00328305 -0.0138301 -0.479067 0.00313026 0.999934 -0.0110546 0.0844968 0.0138654 0.0110102 0.999843 4.93798
0.999864 -0.00179353 -0.0164151 -0.573383 0.00159363 0.999925 -0.0121832 0.0672024 0.0164357 0.0121553 0.999791 5.93337
0.999805 -0.000621797 -0.0197194 -0.756365 0.000363037 0.999914 -0.013123 0.0840368 0.0197258 0.0131132 0.999719 6.91635
0.999741 0.000248877 -0.0227496 -0.740867 -0.00051276 0.999933 -0.0115944 0.0451574 0.0227452 0.011603 0.999674 7.91547
0.99965 -0.00282922 -0.0262991 -0.892642 0.00258241 0.999952 -0.00941406 0.0541507 0.0263245 0.00934285 0.99961 8.90384
0.999534 -0.00190394 -0.030456 -0.836133 0.00170085 0.999976 -0.00669286 0.0271596 0.0304681 0.00663794 0.999514 9.90188
0.999497 0.000790722 -0.0317095 -0.84464 -0.00101449 0.999975 -0.00704137 0.00891907 0.0317032 0.00706999 0.999472 10.9017
0.999498 0.00248007 -0.0315857 -0.906049 -0.00271228 0.99997 -0.00731107 -0.0302448 0.0315666 0.00739307 0.999474 11.899
0.999438 -0.00132131 -0.0334934 -0.980165 0.00105014 0.999967 -0.00811253 -0.036412 0.033503 0.0080728 0.999406 12.8963
0.999398 -0.0042712 -0.034416 -1.11759 0.00401235 0.999963 -0.00758677 -0.0210103 0.0344471 0.00744412 0.999379 13.8866
0.99939 -0.00520283 -0.03452 -1.2012 0.00494825 0.99996 -0.0074563 -0.0452267 0.0345574 0.00728094 0.999376 14.8828
0.999274 -0.00269205 -0.0380018 -1.17845 0.00236859 0.999961 -0.00855423 -0.0916613 0.0380233 0.00845801 0.999241 15.8815
0.999288 -0.00209065 -0.0376681 -1.26543 0.00165563 0.999932 -0.0115762 -0.109015 0.0376897 0.0115056 0.999223 16.8776
0.999239 -0.00168446 -0.0389707 -1.38842 0.00109854 0.999886 -0.0150514 -0.0577608 0.0389916 0.0149971 0.999127 17.8687
0.999233 -0.00407561 -0.0389462 -1.50594 0.0035044 0.999885 -0.0147236 -0.047042 0.0390018 0.0145759 0.999133 18.8617
0.99915 -0.00304019 -0.0411058 -1.56951 0.00244576 0.999892 -0.0145036 -0.0578208 0.0411454 0.0143907 0.99905 19.8596
0.999084 -0.00190047 -0.042753 -1.62799 0.00134774 0.999915 -0.0129536 -0.0759882 0.042774 0.0128841 0.999002 20.8577
0.999071 -0.00491543 -0.0428113 -1.70421 0.00437682 0.99991 -0.0126655 -0.08203 0.0428698 0.0124664 0.999003 21.8548
0.999095 -0.00317797 -0.0424059 -1.81495 0.00263792 0.999915 -0.012785 -0.108861 0.0424429 0.0126616 0.999019 22.8483
0.999032 -0.00129977 -0.0439651 -1.88565 0.000741828 0.999919 -0.0127044 -0.177298 0.0439781 0.0126595 0.998952 23.8434
0.99906 0.0012433 -0.0433279 -2.00208 -0.00172112 0.999938 -0.0109924 -0.199188 0.0433115 0.0110567 0.999 24.8364
0.999068 0.00172777 -0.0431254 -2.0388 -0.00206316 0.999968 -0.00773386 -0.215937 0.0431107 0.00781563 0.99904 25.8356
0.999045 -0.00249938 -0.043628 -2.04837 0.00236216 0.999992 -0.00319654 -0.20855 0.0436356 0.00309043 0.999043 26.8355
0.999136 -0.00359352 -0.0413944 -2.16551 0.00360505 0.999993 0.000203969 -0.204829 0.0413934 -0.000353022 0.999143 27.8286
0.999018 -0.000547935 -0.0443028 -2.05917 0.000484208 0.999999 -0.00144915 -0.163525 0.0443035 0.00142627 0.999017 28.8221
0.999072 -0.00395994 -0.0428843 -2.14175 0.0038079 0.999986 -0.00362647 -0.176975 0.0428981 0.00345981 0.999073 29.8186
0.9991 -0.00327322 -0.0422879 -2.20988 0.00291105 0.999959 -0.00862324 -0.170325 0.0423143 0.00849238 0.999068 30.8162
0.999137 -0.00649424 -0.0410319 -2.33308 0.0060485 0.999921 -0.0109779 -0.186634 0.0411 0.0107202 0.999098 31.8085
0.999055 -0.0131777 -0.0414182 -2.40312 0.0127575 0.999865 -0.0103923 -0.171696 0.0415495 0.00985412 0.999088 32.8059
0.999001 -0.0174191 -0.0411428 -2.5672 0.0171881 0.999835 -0.00596116 -0.170562 0.0412398 0.00524804 0.999135 33.7923
0.998958 -0.0188914 -0.041556 -2.65472 0.0188272 0.999821 -0.00193565 -0.222862 0.0415852 0.00115125 0.999134 34.7871
0.99879 -0.027485 -0.0407762 -2.84905 0.0273513 0.999619 -0.00383511 -0.206007 0.040866 0.00271519 0.999161 35.7679
0.998732 -0.0299349 -0.0404785 -2.94236 0.0296572 0.999532 -0.00744323 -0.209026 0.0406824 0.00623331 0.999153 36.7636
0.999222 -0.0321127 0.0229125 -3.90124 0.031975 0.999468 0.00635079 -0.464134 -0.0231042 -0.00561322 0.999717 36.8879
0.999261 -0.0307435 0.0230716 -3.96542 0.0306113 0.999513 0.00606431 -0.484819 -0.0232468 -0.00535358 0.999715 37.8856
0.999243 -0.0330565 0.0205027 -3.90212 0.0329415 0.99944 0.00592464 -0.412847 -0.0206871 -0.00524476 0.999772 38.881
0.999348 -0.0296916 0.0205519 -3.97117 0.0295291 0.999531 0.00816697 -0.415823 -0.0207848 -0.00755476 0.999755 39.8786
0.999257 -0.0343746 0.0174086 -3.89476 0.0342417 0.999383 0.00787464 -0.321482 -0.0176685 -0.00727269 0.999817 40.8712
0.999361 -0.0309026 0.0179377 -3.91528 0.0307346 0.999482 0.00956499 -0.317969 -0.0182239 -0.00900758 0.999793 41.871
0.999264 -0.0329299 0.0196496 -3.97262 0.032677 0.999381 0.0130534 -0.329092 -0.0200673 -0.0124018 0.999722 42.8693
0.999466 -0.0243182 0.0218142 -4.03519 0.0239852 0.999594 0.0154017 -0.357239 -0.0221799 -0.0148703 0.999643 43.867
0.999291 -0.0316077 0.0204579 -3.98575 0.0313391 0.99942 0.0133176 -0.236825 -0.020867 -0.012667 0.999702 44.8585
0.999321 -0.0290514 0.0226799 -4.06149 0.0287821 0.999512 0.0121125 -0.264986 -0.0230207 -0.0114515 0.999669 45.8552
0.999274 -0.0290017 0.0247081 -4.15732 0.0287581 0.999535 0.010155 -0.242261 -0.0249911 -0.00943707 0.999643 46.8503
0.999307 -0.0291548 0.0231563 -4.10634 0.0289266 0.99953 0.0101259 -0.246985 -0.0234407 -0.00944909 0.999681 47.849
0.998982 -0.0388222 0.0229786 -4.15749 0.0385527 0.999184 0.0120562 -0.201058 -0.0234279 -0.011158 0.999663 48.8466
0.998925 -0.0421532 0.0193077 -4.08724 0.041947 0.99906 0.0109665 -0.126889 -0.0197518 -0.0101448 0.999753 49.8414
0.999015 -0.0398618 0.0195139 -4.12813 0.0397421 0.999189 0.00648137 -0.115538 -0.0197564 -0.00569946 0.999789 50.8405
0.999073 -0.0390894 0.0180314 -4.08835 0.0390507 0.999234 0.00248978 -0.119478 -0.0181149 -0.00178333 0.999834 51.8397
0.998906 -0.0433469 0.0175327 -4.15353 0.0433341 0.99906 0.00110471 -0.0920743 -0.0175641 -0.000343735 0.999846 52.8372
0.998438 -0.0531758 0.0171345 -4.20269 0.0531008 0.998578 0.00480242 -0.041282 -0.0173655 -0.00388506 0.999842 53.8347
0.998561 -0.0499969 0.0194041 -4.36382 0.0498219 0.998714 0.00939668 -0.133982 -0.0198489 -0.00841641 0.999768 54.8173
0.993984 -0.0485761 0.0981645 -5.34109 0.0493275 0.998769 -0.00524068 0.0421394 -0.0977891 0.0100514 0.995156 54.9353
0.993851 -0.0495419 0.0990197 -5.28329 0.0503527 0.998715 -0.00570473 -0.0124364 -0.0986099 0.0106556 0.995069 55.9321
0.993612 -0.0517083 0.100305 -5.27355 0.0527193 0.998582 -0.00745286 -0.0166181 -0.099777 0.0126932 0.994929 56.9321
0.993318 -0.0549678 0.101482 -5.26964 0.0561144 0.998388 -0.00847655 0.024134 -0.100852 0.0141145 0.994801 57.9312
0.993744 -0.0558092 0.0967406 -5.04702 0.0564182 0.998401 -0.00356929 -0.0466333 -0.0963867 0.00900489 0.995303 58.9036
0.993841 -0.0554853 0.0959208 -4.92975 0.0556149 0.998451 0.0013238 -0.0922772 -0.0958457 0.00401898 0.995388 59.8956
0.994021 -0.0550046 0.0943199 -4.84169 0.0548508 0.998486 0.00422438 -0.129954 -0.0944095 0.000974401 0.995533 60.891
0.994061 -0.055735 0.093465 -4.83567 0.0560361 0.998429 -0.000597847 -0.111721 -0.0932849 0.00583171 0.995622 61.8908
0.993821 -0.0567727 0.0953775 -4.9039 0.0578394 0.99829 -0.0084551 -0.107765 -0.0947344 0.0139194 0.995405 62.8885
0.993941 -0.0540843 0.0956879 -4.85882 0.0556321 0.998359 -0.0135804 -0.111832 -0.0947964 0.0188214 0.995319 63.8875
0.994127 -0.0482207 0.0968815 -4.84128 0.0496326 0.998693 -0.0122155 -0.134672 -0.0961658 0.0169523 0.995221 64.887
0.994162 -0.0458191 0.0976868 -4.876 0.0469656 0.998852 -0.00946896 -0.183822 -0.0971407 0.0140016 0.995172 65.8852
0.994127 -0.0443019 0.0987391 -4.88044 0.0452831 0.998944 -0.00771764 -0.183509 -0.098293 0.0121435 0.995083 66.8852
0.994239 -0.0426482 0.0983394 -4.83037 0.0436771 0.999011 -0.00833252 -0.186396 -0.0978867 0.0125797 0.995118 67.884
0.99432 -0.0398325 0.0987021 -4.79968 0.0409603 0.999116 -0.00942562 -0.144693 -0.0982394 0.0134149 0.995072 68.8826
0.994234 -0.0406838 0.0992129 -4.83078 0.0417444 0.999091 -0.00863682 -0.175084 -0.0987713 0.0127286 0.995029 69.8817
0.992773 -0.0401144 0.113106 -5.41309 0.0416448 0.99907 -0.0112001 -0.0775684 -0.112551 0.0158294 0.99352 70.6888
0.992684 -0.042685 0.112946 -5.40116 0.0441983 0.998963 -0.0109273 -0.0696229 -0.112363 0.0158394 0.993541 71.6887
0.992835 -0.03933 0.112832 -5.34076 0.0404184 0.999156 -0.00737475 -0.122088 -0.112447 0.0118824 0.993587 72.6855
0.99283 -0.0388512 0.113049 -5.32533 0.0392373 0.999229 -0.00119152 -0.231037 -0.112916 0.00561873 0.993589 73.6794
0.993484 -0.0367917 0.107869 -5.13316 0.0370524 0.999313 -0.000412294 -0.239844 -0.10778 0.00440641 0.994165 74.6607
0.991354 -0.0316786 0.127331 -5.78766 0.0331989 0.9994 -0.00983494 -0.0825379 -0.126943 0.0139771 0.991812 75.4002
0.99133 -0.0309121 0.127708 -5.77531 0.0334163 0.999288 -0.0175122 -0.0958336 -0.127076 0.0216279 0.991657 76.4001
0.991129 -0.0305365 0.129345 -5.76904 0.0338452 0.999152 -0.0234588 -0.113635 -0.128519 0.0276284 0.991322 77.3999
0.991123 -0.0289454 0.129756 -5.67941 0.0323436 0.999185 -0.0241577 -0.164296 -0.128951 0.0281401 0.991252 78.3946
0.991168 -0.0275099 0.129727 -5.55494 0.0305417 0.999304 -0.0214387 -0.189306 -0.129047 0.0252115 0.991318 79.3865
0.991153 -0.0260632 0.130139 -5.53238 0.028988 0.999367 -0.0206306 -0.173521 -0.129519 0.0242205 0.991281 80.3861
0.991474 -0.030219 0.126752 -5.35675 0.0336002 0.999132 -0.0246224 -0.198289 -0.125898 0.0286713 0.991629 81.3702
0.9922 -0.0377191 0.118814 -4.96434 0.0416123 0.998669 -0.0304581 -0.216489 -0.117507 0.0351646 0.992449 82.2899
0.991676 -0.0417868 0.121786 -4.91517 0.0462858 0.998338 -0.0343484 -0.289542 -0.120149 0.0396994 0.991962 83.286
0.991732 -0.0378105 0.122633 -4.62255 0.0424266 0.998478 -0.0352503 -0.308289 -0.121114 0.0401618 0.991826 84.242
0.989631 -0.0340151 0.139546 -5.0418 0.0385879 0.998799 -0.0301949 -0.436017 -0.138351 0.0352666 0.989755 85.1409
0.989081 -0.0374038 0.142547 -4.75379 0.0415898 0.998783 -0.0264996 -0.47611 -0.141383 0.0321387 0.989433 86.0976
0.989568 -0.0429925 0.137505 -4.27751 0.0462488 0.998718 -0.0205731 -0.557283 -0.136444 0.0267179 0.990287 86.9732
0.988094 -0.0481618 0.146118 -4.09993 0.0510871 0.998561 -0.0163318 -0.633495 -0.145121 0.0236021 0.989132 87.9543
0.986921 -0.0456997 0.154588 -3.76783 0.0487414 0.998684 -0.0159412 -0.646024 -0.153657 0.0232675 0.98785 88.8975
0.985227 -0.0405731 0.166375 -3.44485 0.0435213 0.998953 -0.0141113 -0.722663 -0.165628 0.0211437 0.985962 89.8408
0.982265 -0.0342328 0.184344 -3.27017 0.0371901 0.999229 -0.0126078 -0.744281 -0.183771 0.01924 0.982781 90.8252
0.977348 -0.0369407 0.208391 -3.08511 0.0398527 0.999158 -0.00979077 -0.806262 -0.207854 0.0178739 0.977997 91.806
0.971634 -0.0406911 0.232962 -2.83985 0.0435046 0.999029 -0.00694947 -0.879102 -0.232453 0.0168873 0.972461 92.7727
0.965023 -0.039828 0.259122 -2.43677 0.0425745 0.999081 -0.00499345 -0.859832 -0.258685 0.0158508 0.965832 93.6876
0.957536 -0.0420999 0.285223 -1.91658 0.0440988 0.999027 -0.000586633 -0.931024 -0.284921 0.0131397 0.958461 94.5387
0.949575 -0.0435096 0.310505 -1.26118 0.0454212 0.998967 0.00107496 -0.908049 -0.310232 0.0130828 0.950571 95.2936
