1 0 0 0 0 1 0 0 0 0 1 0
0.999987 -0.00515272 0.00012471 -0.183987 0.00515298 0.999984 -0.00219164 0.00568044 -0.000113415 0.00219226 0.999998 0.982912
0.999982 -0.000931912 -0.00589577 -0.0907134 0.000896968 0.999982 -0.00592692 0.0523279 0.00590119 0.00592153 0.999965 1.97746
0.999966 -0.00209196 -0.00792694 -0.126473 0.00204022 0.999977 -0.00653044 0.00870728 0.00794042 0.00651405 0.999947 2.97587
0.999902 -0.00217654 -0.0138216 -0.237326 0.00204222 0.999951 -0.00972522 0.0713287 0.0138421 0.00969604 0.999857 3.96773
0.999899 -0.00328305 -0.0138301 -0.479067 0.00313026 0.999934 -0.0110546 0.0844968 0.0138654 0.0110102 0.999843 4.93798
0.999864 -0.00179353 -0.0164151 -0.573383 0.00159363 0.999925 -0.0121832 0.0672024 0.0164357 0.0121553 0.999791 5.93337
0.999805 -0.000621797 -0.0197194 -0.756365 0.000363037 0.999914 -0.013123 0.0840368 0.0197258 0.0131132 0.999719 6.91635
0.999741 0.000248877 -0.0227496 -0.740867 -0.00051276 0.999933 -0.0115944 0.0451574 0.0227452 0.011603 0.999674 7.91547
0.99965 -0.00282922 -0.0262991 -0.892642 0.00258241 0.999952 -0.00941406 0.0541507 0.0263245 0.00934285 0.99961 8.90384
0.999534 -0.00190394 -0.030456 -0.836133 0.00170085 0.999976 -0.00669286 0.0271596 0.0304681 0.00663794 0.999514 9.90188
0.999497 0.000790722 -0.0317095 -0.84464 -0.00101449 0.999975 -0.00704137 0.00891907 0.0317032 0.00706999 0.999472 10.9017
0.999498 0.00248007 -0.0315857 -0.906049 -0.00271228 0.99997 -0.00731107 -0.0302448 0.0315666 0.00739307 0.999474 11.899
0.999438 -0.00132131 -0.0334934 -0.980165 0.00105014 0.999967 -0.00811253 -0.036412 0.033503 0.0080728 0.999406 12.8963
0.999398 -0.0042712 -0.034416 -1.11759 0.00401235 0.999963 -0.00758677 -0.0210103 0.0344471 0.00744412 0.999379 13.8866
0.99939 -0.00520283 -0.03452 -1.2012 0.00494825 0.99996 -0.0074563 -0.0452267 0.0345574 0.00728094 0.999376 14.8828
0.999274 -0.00269205 -0.0380018 -1.17845 0.00236859 0.999961 -0.00855423 -0.0916613 0.0380233 0.00845801 0.999241 15.8815
0.999288 -0.00209065 -0.0376681 -1.26543 0.00165563 0.999932 -0.0115762 -0.109015 0.0376897 0.0115056 0.999223 16.8776
0.999239 -0.00168446 -0.0389707 -1.38842 0.00109854 0.999886 -0.0150514 -0.0577608 0.0389916 0.0149971 0.999127 17.8687
0.999233 -0.00407561 -0.0389462 -1.50594 0.0035044 0.999885 -0.0147236 -0.047042 0.0390018 0.0145759 0.999133 18.8617
0.99915 -0.00304019 -0.0411058 -1.56951 0.00244576 0.999892 -0.0145036 -0.0578208 0.0411454 0.0143907 0.99905 19.8596
0.999084 -0.00190047 -0.042753 -1.62799 0.00134774 0.999915 -0.0129536 -0.0759882 0.042774 0.0128841 0.999002 20.8577
0.999071 -0.00491543 -0.0428113 -1.70421 0.00437682 0.99991 -0.0126655 -0.08203 0.0428698 0.0124664 0.999003 21.8548
0.999095 -0.00317797 -0.0424059 -1.81495 0.00263792 0.999915 -0.012785 -0.108861 0.0424429 0.0126616 0.999019 22.8483
0.999032 -0.00129977 -0.0439651 -1.88565 0.000741828 0.999919 -0.0127044 -0.177298 0.0439781 0.0126595 0.998952 23.8434
0.99906 0.0012433 -0.0433279 -2.00208 -0.00172112 0.999938 -0.0109924 -0.199188 0.0433115 0.0110567 0.999 24.8364
0.999068 0.00172777 -0.0431254 -2.0388 -0.00206316 0.999968 -0.00773386 -0.215937 0.0431107 0.00781563 0.99904 25.8356
0.999045 -0.00249938 -0.043628 -2.04837 0.00236216 0.999992 -0.00319654 -0.20855 0.0436356 0.00309043 0.999043 26.8355
0.999136 -0.00359352 -0.0413944 -2.16551 0.00360505 0.999993 0.000203969 -0.204829 0.0413934 -0.000353022 0.999143 27.8286
0.999018 -0.000547935 -0.0443028 -2.05917 0.000484208 0.999999 -0.00144915 -0.163525 0.0443035 0.00142627 0.999017 28.8221
0.999072 -0.00395994 -0.0428843 -2.14175 0.0038079 0.999986 -0.00362647 -0.176975 0.0428981 0.00345981 0.999073 29.8186
0.9991 -0.00327322 -0.0422879 -2.20988 0.00291105 0.999959 -0.00862324 -0.170325 0.0423143 0.00849238 0.999068 30.8162
0.999137 -0.00649424 -0.0410319 -2.33308 0.0060485 0.999921 -0.0109779 -0.186634 0.0411 0.0107202 0.999098 31.8085
0.999055 -0.0131777 -0.0414182 -2.40312 0.0127575 0.999865 -0.0103923 -0.171696 0.0415495 0.00985412 0.999088 32.8059
0.999001 -0.0174191 -0.0411428 -2.5672 0.0171881 0.999835 -0.00596116 -0.170562 0.0412398 0.00524804 0.999135 33.7923
0.998958 -0.0188914 -0.041556 -2.65472 0.0188272 0.999821 -0.00193565 -0.222862 0.0415852 0.00115125 0.999134 34.7871
0.99879 -0.027485 -0.0407762 -2.84905 0.0273513 0.999619 -0.00383511 -0.206007 0.040866 0.00271519 0.999161 35.7679
0.998732 -0.0299349 -0.0404785 -2.94236 0.0296572 0.999532 -0.00744323 -0.209026 0.0406824 0.00623331 0.999153 36.7636
0.999222 -0.0321127 0.0229125 -3.90124 0.031975 0.999468 0.00635079 -0.464134 -0.0231042 -0.00561322 0.999717 36.8879
0.999261 -0.0307435 0.0230716 -3.96542 0.0306113 0.999513 0.00606431 -0.484819 -0.0232468 -0.00535358 0.999715 37.8856
0.999243 -0.0330565 0.0205027 -3.90212 0.0329415 0.99944 0.00592464 -0.412847 -0.0206871 -0.00524476 0.999772 38.881
0.999348 -0.0296916 0.0205519 -3.97117 0.0295291 0.999531 0.00816697 -0.415823 -0.0207848 -0.00755476 0.999755 39.8786
0.999257 -0.0343746 0.0174086 -3.89476 0.0342417 0.999383 0.00787464 -0.321482 -0.0176685 -0.00727269 0.999817 40.8712
0.999361 -0.0309026 0.0179377 -3.91528 0.0307346 0.999482 0.00956499 -0.317969 -0.0182239 -0.00900758 0.999793 41.871
0.999264 -0.0329299 0.0196496 -3.97262 0.032677 0.999381 0.0130534 -0.329092 -0.0200673 -0.0124018 0.999722 42.8693
0.999466 -0.0243182 0.0218142 -4.03519 0.0239852 0.999594 0.0154017 -0.357239 -0.0221799 -0.0148703 0.999643 43.867
0.999291 -0.0316077 0.0204579 -3.98575 0.0313391 0.99942 0.0133176 -0.236825 -0.020867 -0.012667 0.999702 44.8585
0.999321 -0.0290514 0.0226799 -4.06149 0.0287821 0.999512 0.0121125 -0.264986 -0.0230207 -0.0114515 0.999669 45.8552
0.999274 -0.0290017 0.0247081 -4.15732 0.0287581 0.999535 0.010155 -0.242261 -0.0249911 -0.00943707 0.999643 46.8503
0.999307 -0.0291548 0.0231563 -4.10634 0.0289266 0.99953 0.0101259 -0.246985 -0.0234407 -0.00944909 0.999681 47.849
0.998982 -0.0388222 0.0229786 -4.15749 0.0385527 0.999184 0.0120562 -0.201058 -0.0234279 -0.011158 0.999663 48.8466
0.998925 -0.0421532 0.0193077 -4.08724 0.041947 0.99906 0.0109665 -0.126889 -0.0197518 -0.0101448 0.999753 49.8414
0.999015 -0.0398618 0.0195139 -4.12813 0.0397421 0.999189 0.00648137 -0.115538 -0.0197564 -0.00569946 0.999789 50.8405
0.999073 -0.0390894 0.0180314 -4.08835 0.0390507 0.999234 0.00248978 -0.119478 -0.0181149 -0.00178333 0.999834 51.8397
0.998906 -0.0433469 0.0175327 -4.15353 0.0433341 0.99906 0.00110471 -0.0920743 -0.0175641 -0.000343735 0.999846 52.8372
0.998438 -0.0531758 0.0171345 -4.20269 0.0531008 0.998578 0.00480242 -0.041282 -0.0173655 -0.00388506 0.999842 53.8347
0.998561 -0.0499969 0.0194041 -4.36382 0.0498219 0.998714 0.00939668 -0.133982 -0.0198489 -0.00841641 0.999768 54.8173
0.993984 -0.0485761 0.0981645 -5.34109 0.0493275 0.998769 -0.00524068 0.0421394 -0.0977891 0.0100514 0.995156 54.9353
0.993851 -0.0495419 0.0990197 -5.28329 0.0503527 0.998715 -0.00570473 -0.0124364 -0.0986099 0.0106556 0.995069 55.9321
0.993612 -0.0517083 0.100305 -5.27355 0.0527193 0.998582 -0.00745286 -0.0166181 -0.099777 0.0126932 0.994929 56.9321
0.993318 -0.0549678 0.101482 -5.26964 0.0561144 0.998388 -0.00847655 0.024134 -0.100852 0.0141145 0.994801 57.9312
0.993744 -0.0558092 0.0967406 -5.04702 0.0564182 0.998401 -0.00356929 -0.0466333 -0.0963867 0.00900489 0.995303 58.9036
0.993841 -0.0554853 0.0959208 -4.92975 0.0556149 0.998451 0.0013238 -0.0922772 -0.0958457 0.00401898 0.995388 59.8956
0.994021 -0.0550046 0.0943199 -4.84169 0.0548508 0.998486 0.00422438 -0.129954 -0.0944095 0.000974401 0.995533 60.891
0.994061 -0.055735 0.093465 -4.83567 0.0560361 0.998429 -0.000597847 -0.111721 -0.0932849 0.00583171 0.995622 61.8908
0.993821 -0.0567727 0.0953775 -4.9039 0.0578394 0.99829 -0.0084551 -0.107765 -0.0947344 0.0139194 0.995405 62.8885
0.993941 -0.0540843 0.0956879 -4.85882 0.0556321 0.998359 -0.0135804 -0.111832 -0.0947964 0.0188214 0.995319 63.8875
0.994127 -0.0482207 0.0968815 -4.84128 0.0496326 0.998693 -0.0122155 -0.134672 -0.0961658 0.0169523 0.995221 64.887
0.994162 -0.0458191 0.0976868 -4.876 0.0469656 0.998852 -0.00946896 -0.183822 -0.0971407 0.0140016 0.995172 65.8852
0.994127 -0.0443019 0.0987391 -4.88044 0.0452831 0.998944 -0.00771764 -0.183509 -0.098293 0.0121435 0.995083 66.8852
0.994239 -0.0426482 0.0983394 -4.83037 0.0436771 0.999011 -0.00833252 -0.186396 -0.0978867 0.0125797 0.995118 67.884
0.99432 -0.0398325 0.0987021 -4.79968 0.0409603 0.999116 -0.00942562 -0.144693 -0.0982394 0.0134149 0.995072 68.8826
0.994234 -0.0406838 0.0992129 -4.83078 0.0417444 0.999091 -0.00863682 -0.175084 -0.0987713 0.0127286 0.995029 69.8817
0.992773 -0.0401144 0.113106 -5.41309 0.0416448 0.99907 -0.0112001 -0.0775684 -0.112551 0.0158294 0.99352 70.6888
0.992684 -0.042685 0.112946 -5.40116 0.0441983 0.998963 -0.0109273 -0.0696229 -0.112363 0.0158394 0.993541 71.6887
0.992835 -0.03933 0.112832 -5.34076 0.0404184 0.999156 -0.00737475 -0.122088 -0.112447 0.0118824 0.993587 72.6855
0.99283 -0.0388512 0.113049 -5.32533 0.0392373 0.999229 -0.00119152 -0.231037 -0.112916 0.00561873 0.993589 73.6794
0.993484 -0.0367917 0.107869 -5.13316 0.0370524 0.999313 -0.000412294 -0.239844 -0.10778 0.00440641 0.994165 74.6607
0.991354 -0.0316786 0.127331 -5.78766 0.0331989 0.9994 -0.00983494 -0.0825379 -0.126943 0.0139771 0.991812 75.4002
0.99133 -0.0309121 0.127708 -5.77531 0.0334163 0.999288 -0.0175122 -0.0958336 -0.127076 0.0216279 0.991657 76.4001
0.991129 -0.0305365 0.129345 -5.76904 0.0338452 0.999152 -0.0234588 -0.113635 -0.128519 0.0276284 0.991322 77.3999
0.991123 -0.0289454 0.129756 -5.67941 0.0323436 0.999185 -0.0241577 -0.164296 -0.128951 0.0281401 0.991252 78.3946
0.991168 -0.0275099 0.129727 -5.55494 0.0305417 0.999304 -0.0214387 -0.189306 -0.129047 0.0252115 0.991318 79.3865
0.991153 -0.0260632 0.130139 -5.53238 0.028988 0.999367 -0.0206306 -0.173521 -0.129519 0.0242205 0.991281 80.3861
0.991474 -0.030219 0.126752 -5.35675 0.0336002 0.999132 -0.0246224 -0.198289 -0.125898 0.0286713 0.991629 81.3702
0.9922 -0.0377191 0.118814 -4.96434 0.0416123 0.998669 -0.0304581 -0.216489 -0.117507 0.0351646 0.992449 82.2899
0.991676 -0.0417868 0.121786 -4.91517 0.0462858 0.998338 -0.0343484 -0.289542 -0.120149 0.0396994 0.991962 83.286
0.991732 -0.0378105 0.122633 -4.62255 0.0424266 0.998478 -0.0352503 -0.308289 -0.121114 0.0401618 0.991826 84.242
0.989631 -0.0340151 0.139546 -5.0418 0.0385879 0.998799 -0.0301949 -0.436017 -0.138351 0.0352666 0.989755 85.1409
0.989081 -0.0374038 0.142547 -4.75379 0.0415898 0.998783 -0.0264996 -0.47611 -0.141383 0.0321387 0.989433 86.0976
0.989568 -0.0429925 0.137505 -4.27751 0.0462488 0.998718 -0.0205731 -0.557283 -0.136444 0.0267179 0.990287 86.9732
0.988094 -0.0481618 0.146118 -4.09993 0.0510871 0.998561 -0.0163318 -0.633495 -0.145121 0.0236021 0.989132 87.9543
0.986921 -0.0456997 0.154588 -3.76783 0.0487414 0.998684 -0.0159412 -0.646024 -0.153657 0.0232675 0.98785 88.8975
0.985227 -0.0405731 0.166375 -3.44485 0.0435213 0.998953 -0.0141113 -0.722663 -0.165628 0.0211437 0.985962 89.8408
0.982265 -0.0342328 0.184344 -3.27017 0.0371901 0.999229 -0.0126078 -0.744281 -0.183771 0.01924 0.982781 90.8252
0.977348 -0.0369407 0.208391 -3.08511 0.0398527 0.999158 -0.00979077 -0.806262 -0.207854 0.0178739 0.977997 91.806
0.971634 -0.0406911 0.232962 -2.83985 0.0435046 0.999029 -0.00694947 -0.879102 -0.232453 0.0168873 0.972461 92.7727
0.965023 -0.039828 0.259122 -2.43677 0.0425745 0.999081 -0.00499345 -0.859832 -0.258685 0.0158508 0.965832 93.6876
0.957536 -0.0420999 0.285223 -1.91658 0.0440988 0.999027 -0.000586633 -0.931024 -0.284921 0.0131397 0.958461 94.5387
0.949575 -0.0435096 0.310505 -1.26118 0.0454212 0.998967 0.00107496 -0.908049 -0.310232 0.0130828 0.950571 95.2936
0.936037 -0.0401582 0.349602 -0.816316 0.0422913 0.999104 0.00153313 -0.841061 -0.34935 0.01335 0.936897 96.1867
0.921602 -0.040642 0.386003 -0.207232 0.0427729 0.99908 0.00306995 -0.848168 -0.385773 0.0136812 0.922492 96.9798
0.900323 -0.0401374 0.433369 0.159652 0.0422679 0.999095 0.00472211 -0.912161 -0.433166 0.0140661 0.901204 97.9079
0.877406 -0.0368526 0.47833 0.834708 0.0402551 0.999184 0.00314104 -0.828745 -0.478056 0.0164993 0.878174 98.6409
0.843392 -0.0373609 0.535998 1.23365 0.0412174 0.999139 0.0047879 -0.871732 -0.535715 0.0180544 0.844206 99.5569
0.810597 -0.0373016 0.584416 1.95004 0.0413438 0.999124 0.00642644 -0.895327 -0.584144 0.0189527 0.811429 100.254
0.765613 -0.0361375 0.642285 2.48158 0.0424954 0.999081 0.00555721 -0.851211 -0.641896 0.0230395 0.766445 101.1
0.720484 -0.03922 0.692362 3.22993 0.0461553 0.998898 0.00855413 -0.892285 -0.691934 0.0257931 0.7215 101.762
0.671687 -0.0388669 0.739815 3.9777 0.0455104 0.998902 0.0111589 -0.909465 -0.739436 0.026174 0.672718 102.426
0.625067 -0.0418705 0.779448 4.89346 0.0475155 0.99875 0.0155466 -0.917251 -0.779124 0.0273181 0.626274 102.827
0.574988 -0.0424005 0.817062 5.78699 0.0465137 0.998735 0.0190952 -0.859889 -0.816838 0.0270251 0.576233 103.273
0.501812 -0.0411672 0.863997 6.23484 0.0429778 0.99882 0.0226296 -0.838579 -0.863909 0.0257769 0.502989 104.167
0.445905 -0.0413239 0.894126 7.15346 0.0448713 0.99871 0.0237799 -0.804236 -0.893955 0.029517 0.447184 104.56
0.392725 -0.0429808 0.918651 8.11691 0.0481812 0.998497 0.0261191 -0.785754 -0.918393 0.0340041 0.394205 104.828
0.33933 -0.0416603 0.939744 9.08498 0.0465407 0.998539 0.0274615 -0.752277 -0.939515 0.0344179 0.340773 105.076
0.28788 -0.0394783 0.956853 10.0695 0.0413916 0.998729 0.028753 -0.708717 -0.956772 0.0313283 0.289148 105.246
0.239358 -0.03838 0.970172 11.058 0.034459 0.998925 0.0310158 -0.776274 -0.97032 0.0260073 0.240424 105.381
0.193707 -0.0386592 0.980297 12.0487 0.0422318 0.998626 0.031037 -0.704976 -0.98015 0.0353876 0.195074 105.497
0.150344 -0.0430144 0.987698 13.0474 0.0544954 0.997895 0.0351634 -0.675933 -0.987131 0.0485384 0.152371 105.541
0.111722 -0.043638 0.992781 14.0391 0.0603313 0.99749 0.0370557 -0.56768 -0.991906 0.0557558 0.114075 105.609
0.0782786 -0.0412955 0.996076 15.0387 0.052091 0.997946 0.0372794 -0.596096 -0.99557 0.0489684 0.080269 105.601
0.0478179 -0.0361676 0.998201 16.0384 0.0435677 0.998469 0.0340902 -0.60872 -0.997905 0.0418592 0.0493204 105.622
0.01778 -0.0309282 0.999363 17.036 0.0423439 0.998648 0.0301527 -0.540638 -0.998945 0.0417809 0.0190655 105.636
-0.00770589 -0.0280474 0.999577 18.0328 0.047447 0.99847 0.0283821 -0.491588 -0.998844 0.0476456 -0.00636334 105.573
-0.0316514 -0.0225257 0.999245 19.027 0.0603674 0.997878 0.0244071 -0.407233 -0.997674 0.0610944 -0.0302244 105.507
-0.0513441 -0.0139695 0.998583 20.0155 0.0704912 0.997358 0.0175768 -0.337014 -0.99619 0.0712938 -0.0502237 105.373
-0.0704843 -0.00562388 0.997497 20.9974 0.076556 0.997004 0.0110306 -0.261136 -0.994571 0.0771419 -0.0698426 105.199
-0.0874683 -0.005547 0.996152 21.9925 0.0737074 0.997207 0.0120248 -0.231491 -0.993437 0.0744756 -0.0868152 105.105
-0.102834 -0.00974191 0.994651 22.9818 0.0720435 0.997253 0.0172158 -0.206521 -0.992086 0.0734285 -0.10185 104.961
-0.116699 -0.0119385 0.993096 23.9623 0.0749014 0.996974 0.0207868 -0.178988 -0.990339 0.0768101 -0.115451 104.767
-0.129786 -0.0148844 0.99143 24.9418 0.0735275 0.99699 0.0245933 -0.21002 -0.988812 0.0760892 -0.128301 104.568
-0.142378 -0.0155657 0.98969 25.9321 0.0753769 0.996802 0.0265213 -0.232082 -0.986938 0.0783758 -0.140749 104.431
-0.153463 -0.0134181 0.988063 26.9286 0.0764383 0.996751 0.0254082 -0.187378 -0.985194 0.0794251 -0.151938 104.36
-0.160991 -0.0127424 0.986874 27.8999 0.0778122 0.99664 0.0255623 -0.168028 -0.983884 0.0809061 -0.159459 104.123
-0.166214 -0.0129493 0.986005 28.87 0.0770063 0.99669 0.0260708 -0.164144 -0.983078 0.0802619 -0.164667 103.88
-0.209728 -0.00791773 0.977728 29.3238 0.0773049 0.996703 0.0246537 -0.155311 -0.974699 0.0807537 -0.208424 104.771
-0.215388 -0.00723411 0.976502 30.2917 0.0765932 0.996767 0.0242784 -0.124036 -0.97352 0.0800226 -0.214137 104.522
-0.218211 -0.0065836 0.975879 31.2389 0.080875 0.996416 0.0248061 -0.118125 -0.972545 0.0843372 -0.216896 104.201
-0.223165 -0.00666653 0.974758 32.2291 0.0769806 0.996733 0.0244411 -0.105548 -0.971736 0.0804919 -0.221923 104.062
-0.227114 -0.0060428 0.973849 33.2131 0.0765722 0.996774 0.0240427 -0.0601958 -0.970853 0.0800302 -0.225919 103.89
-0.229795 -0.00706674 0.973213 34.192 0.0774946 0.996666 0.0255351 -0.0599355 -0.970149 0.0812866 -0.228481 103.686
-0.23267 -0.0050233 0.972543 35.1895 0.084381 0.996111 0.0253323 -0.0505989 -0.968888 0.0879582 -0.231342 103.616
-0.23235 -0.00410963 0.972623 36.172 0.0879336 0.995807 0.0252141 -0.049771 -0.968649 0.0913847 -0.231015 103.429
-0.229292 -0.00470151 0.973346 37.1396 0.0892325 0.995676 0.02583 -0.0930093 -0.969259 0.0927767 -0.227881 103.181
-0.226965 -0.00451765 0.973892 38.1299 0.0901629 0.995597 0.0256308 -0.0944173 -0.96972 0.0936263 -0.225558 103.042
-0.220825 -0.00561964 0.975297 39.0407 0.0865378 0.995926 0.0253322 -0.0661153 -0.971467 0.089994 -0.219439 102.63
-0.219182 -0.00400413 0.975676 40.0282 0.0903959 0.995607 0.0243931 0.0456977 -0.971487 0.0935437 -0.217858 102.519
-0.267965 0.035881 0.96276 40.5391 0.0950987 0.995411 -0.0106291 0.548702 -0.958724 0.088709 -0.270147 103.216
-0.262911 0.0317496 0.964297 41.493 0.0915386 0.995771 -0.00782828 0.500796 -0.960468 0.0862123 -0.264706 102.92
-0.258881 0.0315686 0.965393 42.4614 0.0930702 0.995631 -0.00759958 0.510124 -0.961415 0.087882 -0.260688 102.671
-0.253883 0.0287645 0.966807 43.4011 0.0880076 0.996098 -0.00652523 0.399686 -0.963223 0.0834298 -0.255424 102.347
-0.307727 0.0261203 0.951116 43.9797 0.0889158 0.996038 0.00141413 0.201845 -0.947311 0.0850044 -0.30883 103.138
-0.30786 0.0292787 0.950981 44.9461 0.0804091 0.996751 -0.00465714 0.220075 -0.948028 0.0750338 -0.309214 102.882
-0.307922 0.0320571 0.950871 45.8948 0.078658 0.996868 -0.00813588 0.217691 -0.948154 0.0722884 -0.309479 102.565
-0.310033 0.0299353 0.950254 46.8702 0.0748936 0.997167 -0.00697812 0.16027 -0.947771 0.0690045 -0.311397 102.353
-0.312846 0.0266619 0.94943 47.8482 0.0705561 0.997496 -0.00476278 0.119676 -0.94718 0.065498 -0.313944 102.148
-0.313141 0.0231942 0.949423 48.7906 0.066133 0.997808 -0.00256409 0.0294394 -0.947401 0.0619853 -0.313988 101.826
-0.313851 0.020171 0.949258 49.7398 0.0618804 0.998083 -0.000749184 -0.0261624 -0.947454 0.0585053 -0.314497 101.516
-0.315951 0.0194663 0.948576 50.7054 0.0582289 0.998303 -0.00109186 -0.0729769 -0.946987 0.0548896 -0.316548 101.261
-0.315128 0.0215735 0.948804 51.6604 0.0613625 0.998113 -0.00231422 -0.0330246 -0.947063 0.0574917 -0.315857 100.967
-0.315449 0.0196212 0.94874 52.6002 0.0564066 0.998406 -0.00189363 -0.0981995 -0.947265 0.0529179 -0.316053 100.631
-0.316702 0.0183641 0.948347 53.5337 0.0546949 0.998503 -0.00106986 -0.0961747 -0.946947 0.0515309 -0.317232 100.273
-0.321321 0.015341 0.946846 54.4867 0.0503281 0.998732 0.000897647 -0.143486 -0.945632 0.0479414 -0.321685 99.9734
-0.32568 0.0122063 0.945401 55.422 0.0470236 0.998888 0.00330218 -0.15072 -0.94431 0.0455316 -0.325891 99.6197
-0.333305 0.00858287 0.94278 56.3805 0.0399927 0.999187 0.00504239 -0.136176 -0.94197 0.0393849 -0.333377 99.3348
-0.339553 0.00902253 0.940544 57.3154 0.0414641 0.999125 0.00538477 -0.143081 -0.939673 0.0408272 -0.33963 98.9799
-0.34869 0.00898675 0.937195 58.2587 0.0397627 0.999196 0.0052127 -0.189096 -0.936394 0.039083 -0.348766 98.6511
-0.358707 0.0112651 0.933382 59.2007 0.0411926 0.999144 0.00377189 -0.162519 -0.932541 0.0398014 -0.358864 98.3167
-0.370625 0.0125001 0.928698 60.1545 0.0409892 0.999155 0.00290959 -0.0971349 -0.927877 0.0391449 -0.370825 98.0234
-0.379755 0.0129418 0.924997 61.058 0.0422395 0.999102 0.00336264 -0.0843243 -0.924122 0.0403484 -0.37996 97.5949
-0.388044 0.0128576 0.921551 61.9524 0.0438282 0.999029 0.00451645 -0.0924081 -0.920598 0.0421425 -0.38823 97.1479
-0.397375 0.0120533 0.917577 62.8482 0.042095 0.999101 0.00510589 -0.115266 -0.91669 0.0406544 -0.397525 96.704
-0.406433 0.0116719 0.913606 63.7417 0.0413035 0.999131 0.00561002 -0.137288 -0.912746 0.0400152 -0.406562 96.2554
-0.415702 0.0133458 0.909403 64.6527 0.0435673 0.999037 0.00525413 -0.149479 -0.908457 0.0418044 -0.415883 95.8433
-0.424653 0.0103657 0.905297 65.54 0.0385341 0.999235 0.00663414 -0.228182 -0.904536 0.037702 -0.424728 95.3887
-0.431641 0.00930272 0.901997 66.3855 0.0366228 0.999303 0.00721918 -0.299688 -0.901302 0.0361497 -0.431681 94.8596
-0.441126 0.0134523 0.897344 67.2921 0.0395862 0.999206 0.00448084 -0.241609 -0.896572 0.0374991 -0.441308 94.4416
-0.449291 0.0149597 0.89326 68.1959 0.0423042 0.999094 0.00454592 -0.239078 -0.892384 0.0398311 -0.449517 94.0136
-0.459592 0.0143277 0.888014 69.1357 0.0411485 0.99914 0.00517578 -0.220875 -0.887176 0.0389192 -0.459786 93.6726
-0.470119 0.0153298 0.88247 70.0736 0.0428246 0.999068 0.0054587 -0.191246 -0.881563 0.0403577 -0.470338 93.3269
-0.4733 0.013135 0.880804 70.9257 0.0432884 0.999028 0.00836296 -0.232402 -0.879837 0.0420868 -0.473408 92.8051
-0.476631 0.0119048 0.879023 71.806 0.0454272 0.998906 0.0111035 -0.246461 -0.877929 0.0452238 -0.47665 92.3308
-0.542467 -0.0209483 0.839816 72.3852 0.0462719 0.997426 0.0547684 -0.739543 -0.838802 0.0685699 -0.540101 92.9799
-0.578952 -0.0769388 0.811724 72.8563 0.0494518 0.990392 0.129145 -1.59244 -0.813861 0.11491 -0.569584 93.205
-0.582223 -0.0770071 0.809374 73.7308 0.0488768 0.990389 0.129389 -1.52217 -0.811558 0.114893 -0.572864 92.7251
-0.582229 -0.0770965 0.809361 74.5693 0.0487513 0.990392 0.129411 -1.46937 -0.811562 0.114804 -0.572876 92.1828
-0.581988 -0.0737899 0.809842 75.4382 0.0507793 0.990633 0.126755 -1.33005 -0.81161 0.114893 -0.57279 91.7078
-0.579423 -0.073873 0.811672 76.2886 0.0502663 0.990749 0.126055 -1.23821 -0.813475 0.113839 -0.57035 91.1898
-0.575327 -0.070829 0.814851 77.1526 0.0532112 0.990892 0.123701 -1.0738 -0.816191 0.114528 -0.566318 90.7138
-0.568404 -0.0706858 0.819708 78.0255 0.0536591 0.990996 0.122665 -0.970154 -0.820998 0.113708 -0.559493 90.2369
-0.555457 -0.0695972 0.828628 78.8231 0.055794 0.991126 0.120646 -0.845162 -0.829671 0.113246 -0.546645 89.6469
-0.539547 -0.0631669 0.839583 79.6158 0.0646364 0.991131 0.116106 -0.636236 -0.839471 0.116912 -0.530679 89.0742
-0.525388 -0.0628797 0.848536 80.5432 0.0652682 0.991349 0.113875 -0.606315 -0.848356 0.115211 -0.516738 88.7014
-0.504644 -0.0617051 0.861119 81.4416 0.0656628 0.99181 0.10955 -0.511655 -0.860827 0.111827 -0.49646 88.2725
-0.480555 -0.0612865 0.87482 82.3582 0.0669351 0.992082 0.10627 -0.428655 -0.874406 0.109625 -0.472648 87.8813
-0.451111 -0.0621399 0.890302 83.2359 0.069587 0.992087 0.104503 -0.327797 -0.889751 0.109096 -0.443217 87.4129
-0.416697 -0.0651597 0.906707 84.1524 0.0734958 0.991748 0.105048 -0.273797 -0.906069 0.110412 -0.408469 87.0165
-0.376713 -0.0717067 0.923551 85.091 0.074684 0.991403 0.107438 -0.235878 -0.923315 0.109448 -0.368119 86.6738
-0.372408 -0.082216 0.92442 85.9585 0.0762649 0.989988 0.118771 -0.367155 -0.92493 0.114732 -0.362409 87.1536
-0.323402 -0.0948251 0.941498 86.9048 0.0708599 0.989746 0.124025 -0.351118 -0.943605 0.106824 -0.313366 86.8308
-0.27056 -0.0983784 0.957663 87.8513 0.0738809 0.989709 0.122543 -0.218175 -0.959864 0.103908 -0.260508 86.5368
-0.218961 -0.099749 0.970622 88.8356 0.0782586 0.989761 0.11937 -0.0957858 -0.97259 0.102097 -0.208913 86.409
-0.160106 -0.0963131 0.98239 89.8312 0.0904027 0.989615 0.111755 -0.00728352 -0.982951 0.106703 -0.149736 86.3807
-0.0925798 -0.0902156 0.99161 90.8205 0.100396 0.989966 0.0994393 0.114874 -0.990631 0.10876 -0.0825935 86.3001
-0.0279886 -0.0840548 0.996068 91.808 0.110112 0.990135 0.0866482 0.193602 -0.993525 0.112105 -0.0184571 86.436
0.0365034 -0.0820639 0.995958 92.78 0.113697 0.990492 0.0774464 0.198029 -0.992845 0.11041 0.0454868 86.671
0.108783 -0.0785585 0.990957 93.7671 0.116029 0.991062 0.0658296 0.294145 -0.987271 0.107819 0.116926 86.7995
0.174867 -0.0773012 0.981553 94.6914 0.120932 0.991051 0.0565047 0.309613 -0.977137 0.108821 0.182651 87.1808
0.24019 -0.0790934 0.967498 95.6249 0.127206 0.990645 0.0494056 0.313619 -0.962355 0.111205 0.248004 87.5394
0.357909 -0.0878176 0.929618 96.4325 0.131914 0.990338 0.0427656 0.364869 -0.924391 0.107324 0.366036 86.9519
0.419421 -0.0934288 0.902971 97.2674 0.133976 0.990168 0.0402203 0.400954 -0.897851 0.104108 0.427814 87.501
0.47774 -0.100356 0.87275 98.1021 0.137857 0.98971 0.0383425 0.380751 -0.867617 0.101997 0.486659 88.0513
0.529743 -0.107198 0.841356 98.8384 0.141237 0.98928 0.0371185 0.326529 -0.836316 0.0991671 0.539205 88.7259
0.576996 -0.110904 0.809182 99.6135 0.142287 0.989237 0.0341232 0.330183 -0.804257 0.095447 0.586566 89.3576
0.616246 -0.110118 0.779817 100.289 0.13935 0.989799 0.0296492 0.319118 -0.775127 0.090396 0.625305 90.095
0.650126 -0.107901 0.752126 101.021 0.134191 0.990611 0.0261217 0.283839 -0.747883 0.0839462 0.658502 90.7757
0.678489 -0.103858 0.727232 101.745 0.131126 0.991179 0.019216 0.311988 -0.722813 0.0823212 0.686123 91.4645
0.701282 -0.0994209 0.705917 102.372 0.12533 0.991999 0.0152049 0.238221 -0.70178 0.07781 0.708131 92.2404
0.715622 -0.102247 0.690963 102.971 0.129861 0.991457 0.0122169 0.186928 -0.68631 0.0809868 0.722786 93.0388
0.725993 -0.104581 0.679704 103.593 0.13227 0.99115 0.0112222 0.147419 -0.674862 0.0817574 0.733401 93.821
0.735436 -0.0991206 0.670305 104.259 0.125711 0.992028 0.00876858 0.174589 -0.66583 0.0778163 0.742034 94.5664
0.742808 -0.0931523 0.662992 104.905 0.118179 0.992967 0.00710861 0.174194 -0.658991 0.0730712 0.748593 95.3303
0.74889 -0.0860408 0.657086 105.672 0.110428 0.993875 0.00428526 0.19765 -0.65343 0.0693512 0.753804 95.971
0.75109 -0.0777887 0.655602 106.319 0.102651 0.994717 0.000423555 0.211774 -0.652171 0.06698 0.755107 96.7338
0.751013 -0.0757456 0.655929 106.955 0.102953 0.994682 -0.00301268 0.199699 -0.652212 0.0697923 0.754817 97.5053
0.749867 -0.0753596 0.657283 107.671 0.106016 0.99434 -0.00694528 0.214527 -0.653039 0.0748907 0.753612 98.2034
0.745964 -0.0711156 0.662179 108.307 0.106141 0.994269 -0.0127905 0.204358 -0.657474 0.0798257 0.749237 98.975
0.743218 -0.0675891 0.665626 108.994 0.105167 0.994318 -0.0164614 0.189767 -0.660732 0.0822365 0.746104 99.7008
0.741984 -0.0642472 0.667332 109.708 0.101372 0.994704 -0.0169476 0.224104 -0.662709 0.0802238 0.744568 100.401
0.738577 -0.0651605 0.671013 110.372 0.0981712 0.995104 -0.0114238 0.188922 -0.666983 0.0743115 0.741357 101.147
0.735203 -0.0693742 0.674288 111.021 0.0993666 0.995033 -0.00596919 0.168245 -0.670524 0.0713902 0.738445 101.908
0.732089 -0.0749513 0.677073 111.731 0.101436 0.994842 0.000449811 0.169145 -0.673614 0.0683503 0.735916 102.612
0.729129 -0.0772515 0.680002 112.362 0.0997843 0.994991 0.00604245 0.13329 -0.677062 0.0634478 0.733185 103.387
0.726352 -0.0809754 0.682537 113.046 0.104054 0.994545 0.00725756 0.137156 -0.679401 0.0657494 0.730815 104.117
0.72597 -0.0842063 0.682552 113.728 0.110813 0.99383 0.00474658 0.139667 -0.67874 0.0721897 0.730822 104.848
0.725374 -0.0821177 0.683439 114.316 0.114574 0.993412 -0.00224219 0.10367 -0.678752 0.0799308 0.730004 105.656
0.724613 -0.0745865 0.685108 114.951 0.111167 0.993757 -0.00938903 0.0936047 -0.680131 0.0829651 0.728381 106.428
0.72821 -0.0687737 0.681894 115.736 0.106966 0.994165 -0.0139637 0.0675729 -0.676955 0.0831083 0.731318 107.047
0.730118 -0.071606 0.679558 116.401 0.106805 0.99423 -0.00998802 0.0502047 -0.674922 0.0798726 0.733553 107.794
0.730696 -0.0782622 0.678203 117.076 0.109094 0.994027 -0.00283009 0.0385985 -0.67393 0.0760554 0.73487 108.532
0.733175 -0.0800878 0.675308 117.764 0.106314 0.994329 0.00249799 0.0333191 -0.671679 0.0699632 0.737532 109.257
0.734383 -0.0760092 0.674466 118.425 0.10044 0.994939 0.0027628 0.010149 -0.671262 0.0657141 0.738301 110.008
0.736122 -0.0684713 0.673377 119.062 0.0934665 0.995622 -0.000937385 -0.0235925 -0.670364 0.0636282 0.739299 110.777
0.73904 -0.0664746 0.670374 119.771 0.0953818 0.99542 -0.00644536 -0.0218231 -0.666875 0.0687049 0.741995 111.483
0.740891 -0.0685093 0.668122 120.379 0.100821 0.994856 -0.00978978 -0.019993 -0.664015 0.0746142 0.743987 112.277
0.743698 -0.0714089 0.66469 121.073 0.103413 0.994599 -0.00885407 -0.0194366 -0.660468 0.0753227 0.747066 112.997
0.74575 -0.0763877 0.661832 121.68 0.109102 0.993997 -0.00820984 0.00409404 -0.657232 0.0783296 0.749607 113.791
0.748031 -0.0780638 0.659057 122.423 0.109702 0.993941 -0.00678219 0.0204753 -0.654534 0.0773733 0.752063 114.46
0.748708 -0.0797934 0.658081 123.091 0.109787 0.993945 -0.00438859 -0.0165897 -0.653746 0.0755345 0.752935 115.203
0.751167 -0.0806923 0.655162 123.882 0.110958 0.993813 -0.00481584 0.00697781 -0.65072 0.0763131 0.755473 115.815
0.751274 -0.0800573 0.655117 124.496 0.109907 0.993931 -0.00457711 0.0453829 -0.650775 0.0754404 0.755514 116.604
0.751399 -0.0753093 0.655536 125.15 0.106027 0.994336 -0.0073011 0.0696441 -0.651273 0.0749908 0.755129 117.36
0.751368 -0.0727562 0.65586 125.77 0.107274 0.994149 -0.0126125 0.127044 -0.651106 0.0798336 0.754777 118.142
0.750283 -0.0643467 0.657978 126.349 0.0985322 0.99502 -0.0150472 0.126088 -0.653733 0.0761217 0.752887 118.957
0.750133 -0.0630857 0.658271 127.052 0.0968184 0.99519 -0.014955 0.136026 -0.654161 0.074951 0.752632 119.669
0.748415 -0.0617093 0.660354 127.712 0.0915485 0.995743 -0.0107058 0.0683515 -0.656882 0.0684668 0.750878 120.416
0.746665 -0.0610707 0.662391 128.373 0.0929282 0.995588 -0.0129606 0.0717465 -0.658677 0.071232 0.749046 121.167
0.745009 -0.0607881 0.664279 129.025 0.0948263 0.995377 -0.0152637 0.033669 -0.66028 0.0743627 0.747329 121.924
0.744901 -0.066351 0.663868 129.725 0.100707 0.994824 -0.0135705 0.00399426 -0.659531 0.0769648 0.747727 122.638
0.744831 -0.0706942 0.663498 130.44 0.108572 0.99396 -0.0159764 -0.00686848 -0.658361 0.0839368 0.748008 123.337
0.743059 -0.0716593 0.665378 131.064 0.109542 0.993865 -0.0152942 -0.0569573 -0.6602 0.0842513 0.74635 124.117
0.741472 -0.0700915 0.667312 131.698 0.104279 0.994483 -0.0114119 -0.0981121 -0.662831 0.0780484 0.74469 124.889
0.7405 -0.0721063 0.668176 132.344 0.100464 0.994933 -0.00397 -0.141587 -0.664504 0.0700674 0.743992 125.651
0.742249 -0.069911 0.666467 133.068 0.0952527 0.995452 -0.00166289 -0.117476 -0.66332 0.0647171 0.745533 126.341
0.74191 -0.0686763 0.666973 133.753 0.099013 0.995057 -0.00767942 -0.139001 -0.663148 0.0717364 0.745043 127.069
0.740893 -0.0642903 0.668539 134.427 0.106416 0.994071 -0.0223382 -0.169027 -0.663139 0.0876935 0.743342 127.807
0.740221 -0.0616744 0.669529 135.079 0.111471 0.993261 -0.0317454 -0.184646 -0.663059 0.0981317 0.742108 128.565
0.740257 -0.0694705 0.668725 135.72 0.112774 0.993385 -0.0216397 -0.243428 -0.662798 0.0914341 0.743195 129.33
0.741232 -0.0871945 0.665561 136.36 0.118784 0.992918 -0.00220776 -0.239058 -0.660655 0.0806943 0.74634 130.099
0.742648 -0.0968848 0.662637 137.036 0.117547 0.992976 0.0134436 -0.278949 -0.659285 0.0679072 0.74882 130.834
0.742708 -0.091126 0.663386 137.671 0.115956 0.993232 0.00661477 -0.289125 -0.659499 0.0720104 0.748249 131.606
0.744758 -0.0766604 0.662916 138.344 0.1116 0.993698 -0.0104653 -0.291495 -0.657936 0.0817755 0.74862 132.346
0.744798 -0.0738875 0.663187 138.992 0.114767 0.993225 -0.0182323 -0.301236 -0.657347 0.0896915 0.748232 133.108
0.744702 -0.0776006 0.662871 139.624 0.120846 0.992478 -0.0195777 -0.326362 -0.656365 0.0946849 0.748478 133.882
0.74806 -0.0790495 0.658906 140.327 0.122595 0.992252 -0.020141 -0.341191 -0.652209 0.095845 0.751956 134.593
0.750965 -0.0773275 0.655799 141.006 0.121842 0.992294 -0.0225177 -0.353823 -0.649004 0.0968136 0.7546 135.327
0.753906 -0.0762551 0.652542 141.679 0.120541 0.992435 -0.0232907 -0.427261 -0.64583 0.096217 0.757394 136.063
0.756424 -0.0716498 0.650145 142.322 0.113912 0.993223 -0.0230741 -0.481353 -0.644086 0.0915132 0.759459 136.827
0.758581 -0.067508 0.648072 142.977 0.108193 0.993861 -0.0231145 -0.531528 -0.642533 0.0876513 0.761228 137.581
0.75998 -0.0675914 0.646422 143.635 0.107344 0.993972 -0.0222694 -0.55654 -0.64102 0.0863139 0.762655 138.334
0.760895 -0.0713538 0.64494 144.277 0.107609 0.994048 -0.016978 -0.599312 -0.63989 0.0823195 0.764045 139.1
0.760895 -0.0713538 0.64494 144.911 0.107609 0.994048 -0.016978 -0.623057 -0.63989 0.0823195 0.764045 139.872
0.762081 -0.0715893 0.643512 145.553 0.110362 0.993687 -0.0201506 -0.660745 -0.638007 0.0863753 0.765171 140.638
0.765412 -0.0737144 0.639305 146.184 0.116366 0.992896 -0.0248354 -0.694118 -0.632933 0.0934029 0.768552 141.413
0.767887 -0.0739476 0.636303 146.719 0.119359 0.992436 -0.028706 -0.667946 -0.629368 0.0979913 0.770905 142.258
0.772687 -0.077005 0.630099 147.399 0.119672 0.992487 -0.0254598 -0.679203 -0.623405 0.0950775 0.776097 142.991
0.778647 -0.0816218 0.622131 148.098 0.119702 0.992617 -0.0195881 -0.664405 -0.615939 0.0897224 0.782668 143.705
0.781706 -0.087797 0.617436 148.738 0.121446 0.992518 -0.0126247 -0.655762 -0.611708 0.0848539 0.78652 144.474
0.785534 -0.0846439 0.613002 149.358 0.114984 0.993315 -0.0101894 -0.695176 -0.608041 0.0784898 0.790016 145.258
0.788784 -0.077882 0.609717 149.972 0.110695 0.993721 -0.0162728 -0.705999 -0.604621 0.0803286 0.792452 146.047
0.793804 -0.0735581 0.603709 150.604 0.112531 0.993283 -0.0269397 -0.757533 -0.597672 0.0893208 0.79675 146.82
0.796668 -0.0718694 0.600129 151.151 0.113778 0.992987 -0.0321228 -0.848965 -0.593611 0.0938726 0.799258 147.652
0.800031 -0.0743071 0.595339 151.72 0.116331 0.992681 -0.0324276 -0.886048 -0.588572 0.0951995 0.80282 148.474
0.805518 -0.069863 0.588439 152.325 0.107114 0.993834 -0.0286355 -0.969381 -0.58281 0.0860966 0.808035 149.265
0.808792 -0.062068 0.584811 152.794 0.0989504 0.9946 -0.0312877 -1.03042 -0.579711 0.0831725 0.810566 150.147
0.814295 -0.0545126 0.577886 153.318 0.093594 0.994884 -0.0380341 -1.08785 -0.572857 0.0850577 0.81523 150.996
0.817133 -0.0554124 0.57378 153.771 0.0956868 0.994599 -0.040217 -1.17608 -0.568452 0.0877658 0.818021 151.884
0.82134 -0.0561095 0.567672 154.314 0.0946685 0.994758 -0.0386485 -1.2103 -0.562528 0.0854842 0.822347 152.722
0.825666 -0.056209 0.561352 154.878 0.0903129 0.995361 -0.03317 -1.24762 -0.556883 0.0780847 0.826912 153.548
0.830554 -0.0538046 0.554332 155.46 0.0839874 0.99604 -0.0291604 -1.26622 -0.550568 0.0707762 0.831784 154.36
0.835461 -0.0588776 0.546386 156.018 0.0880702 0.995738 -0.0273662 -1.29276 -0.542447 0.0709838 0.837086 155.19
0.839532 -0.0598323 0.540005 156.536 0.0879187 0.995779 -0.0263533 -1.33453 -0.536149 0.069601 0.841249 156.044
0.841335 -0.0592054 0.537261 157.047 0.0882 0.995698 -0.0283941 -1.386 -0.533269 0.0712753 0.842938 156.902
0.842461 -0.0530686 0.536137 157.539 0.0842432 0.995872 -0.0338013 -1.43183 -0.53213 0.0736422 0.843454 157.771
0.843686 -0.0437507 0.535051 158.017 0.0782717 0.996048 -0.0419753 -1.44311 -0.5311 0.0772933 0.843776 158.65
0.844693 -0.039544 0.533788 158.572 0.075054 0.996165 -0.0449715 -1.49356 -0.529962 0.07805 0.844422 159.48
0.847867 -0.0426714 0.528489 159.106 0.0758139 0.996271 -0.0411888 -1.50946 -0.524761 0.0749894 0.84794 160.326
0.848198 -0.043477 0.527892 159.607 0.07033 0.997045 -0.0308875 -1.5719 -0.524989 0.0633253 0.84875 161.189
0.849946 -0.0451172 0.524934 160.1 0.0680394 0.997383 -0.0244425 -1.62262 -0.522457 0.056491 0.850792 162.057
0.857919 -0.0436544 0.511927 160.89 0.0697527 0.997055 -0.0318724 -1.56855 -0.509028 0.0630522 0.858437 162.669
0.859788 -0.0521994 0.507976 161.348 0.0853275 0.995462 -0.04213 -1.61262 -0.503472 0.0795672 0.86034 163.556
0.86373 -0.0546423 0.500983 161.886 0.0901235 0.994827 -0.0468733 -1.65307 -0.49583 0.0856363 0.864187 164.398
0.868046 -0.0562306 0.493289 162.374 0.0912126 0.994716 -0.047119 -1.67895 -0.488033 0.0858957 0.868588 165.271
0.871287 -0.060481 0.487032 162.79 0.0929466 0.994753 -0.0427477 -1.71861 -0.481892 0.0825136 0.872337 166.179
0.874016 -0.0671645 0.481234 163.192 0.0980169 0.994411 -0.0392307 -1.8022 -0.475909 0.0814573 0.875714 167.091
0.875495 -0.0799591 0.476565 163.6 0.110648 0.993184 -0.0366332 -1.81867 -0.470388 0.0848034 0.878376 168.004
0.878202 -0.0876597 0.470189 164.029 0.120322 0.991937 -0.0398007 -1.81431 -0.462909 0.091527 0.881668 168.907
0.880186 -0.0893758 0.466138 164.431 0.125428 0.990997 -0.0468297 -1.87051 -0.457755 0.0996856 0.883472 169.821
0.881776 -0.0985924 0.461249 164.836 0.140546 0.988408 -0.0574105 -1.91477 -0.450242 0.11545 0.885412 170.734
0.88351 -0.106606 0.45612 165.323 0.15102 0.986588 -0.0619406 -1.96983 -0.443399 0.123609 0.88776 171.606
0.887776 -0.10385 0.448408 165.793 0.144168 0.987932 -0.0566271 -2.03555 -0.437115 0.114918 0.892034 172.486
0.890784 -0.10205 0.442819 166.214 0.135187 0.98985 -0.0438291 -2.08804 -0.433852 0.0989057 0.895539 173.392
0.892848 -0.102926 0.438438 166.622 0.132204 0.990543 -0.0366899 -2.14771 -0.430516 0.0907219 0.898012 174.303
0.894458 -0.0981213 0.436253 167.062 0.128423 0.990895 -0.0404385 -2.21422 -0.428313 0.0921957 0.898915 175.198
0.896152 -0.0894375 0.434641 167.502 0.124033 0.990924 -0.0518283 -2.26685 -0.42606 0.100356 0.899111 176.094
0.898193 -0.0782076 0.432588 167.898 0.115106 0.991556 -0.0597334 -2.36004 -0.424263 0.103445 0.899611 177.008
0.898843 -0.0775703 0.431352 168.262 0.115983 0.991224 -0.0634306 -2.43988 -0.422646 0.107044 0.899951 177.936
0.899378 -0.0868413 0.42846 168.723 0.123721 0.990566 -0.0589319 -2.48845 -0.4193 0.106012 0.901637 178.822
0.899175 -0.0923877 0.427726 169.122 0.125528 0.990836 -0.0498698 -2.56091 -0.419198 0.0985332 0.902532 179.736
0.898743 -0.0948805 0.428088 169.523 0.125759 0.991068 -0.0443645 -2.63385 -0.420055 0.0937082 0.902647 180.649
0.898743 -0.0948805 0.428088 169.887 0.125759 0.991068 -0.0443645 -2.72858 -0.420055 0.0937082 0.902647 181.576
0.899214 -0.0936913 0.427358 170.292 0.128095 0.990377 -0.0524029 -2.81607 -0.418336 0.101864 0.902562 182.486
0.898931 -0.100101 0.426501 170.716 0.140368 0.988031 -0.0639597 -2.8715 -0.414994 0.117363 0.902223 183.39
0.89884 -0.104347 0.425673 171.164 0.146853 0.986805 -0.0681921 -2.94294 -0.412941 0.123805 0.902304 184.281
0.899554 -0.103447 0.424384 171.586 0.143745 0.987545 -0.0639697 -3.00971 -0.412481 0.118547 0.90322 185.185
0.900381 -0.102765 0.422792 171.988 0.137745 0.989052 -0.0529413 -3.09468 -0.412722 0.105905 0.904679 186.097
0.90039 -0.104005 0.422471 172.386 0.136896 0.989413 -0.0481831 -3.1805 -0.412987 0.101218 0.905095 187.011
0.900235 -0.102288 0.42322 172.771 0.136946 0.989201 -0.0522188 -3.24421 -0.413308 0.104967 0.904521 187.931
0.899768 -0.101444 0.424413 173.177 0.138699 0.98865 -0.0577368 -3.30552 -0.413739 0.110815 0.903626 188.843
0.900688 -0.0971089 0.423475 173.589 0.13416 0.989232 -0.0584989 -3.35564 -0.413234 0.109503 0.904017 189.753
0.900565 -0.097841 0.423567 174.008 0.133249 0.989571 -0.0547233 -3.42843 -0.413796 0.105722 0.90421 190.658
0.900747 -0.0965102 0.423487 174.423 0.130418 0.990107 -0.0517567 -3.50766 -0.414303 0.10185 0.904422 191.564
0.901496 -0.0961684 0.421968 174.845 0.128698 0.990461 -0.049222 -3.56995 -0.413209 0.09868 0.905274 192.469
0.901701 -0.0925072 0.422347 175.24 0.124913 0.990925 -0.0496431 -3.63576 -0.413922 0.09752 0.905074 193.385
0.901127 -0.0956675 0.422868 175.635 0.129927 0.990113 -0.0528754 -3.73583 -0.413629 0.10259 0.904647 194.298
0.90108 -0.0937201 0.423404 176.012 0.130463 0.989721 -0.0585746 -3.77597 -0.413562 0.108019 0.904046 195.223
0.902145 -0.093865 0.421099 176.466 0.130447 0.989707 -0.0588534 -3.82835 -0.41124 0.108025 0.905103 196.113
0.90262 -0.0983026 0.419063 176.859 0.130568 0.99023 -0.0489456 -3.93434 -0.410157 0.0988955 0.906637 197.026
0.902925 -0.103633 0.417117 177.28 0.131728 0.990516 -0.0390546 -4.0311 -0.409114 0.0902095 0.908013 197.928
0.902443 -0.109957 0.41654 177.667 0.137862 0.989745 -0.0374133 -4.09429 -0.408154 0.0911885 0.908347 198.848
0.90246 -0.106327 0.417444 178.061 0.137032 0.98958 -0.0441912 -4.16329 -0.408396 0.0970842 0.907627 199.765
0.903167 -0.0963065 0.418346 178.538 0.128379 0.990507 -0.0491348 -4.27493 -0.409643 0.0980838 0.906958 200.636
0.90293 -0.0903208 0.42019 178.96 0.124831 0.990635 -0.0553048 -4.36303 -0.41126 0.102389 0.905749 201.539
