1 0 0 0 0 1 0 0 0 0 1 0
0.999988 -0.00473688 -0.00152896 -0.129338 0.00473408 0.999987 -0.0018339 0.00361711 0.00153763 0.00182664 0.999997 0.991594
0.999989 -0.00265212 -0.00377456 -0.148652 0.00264144 0.999993 -0.0028316 -0.0196432 0.00378204 0.0028216 0.999989 1.99114
0.99997 -0.00503283 -0.00587116 -0.336244 0.00500926 0.999979 -0.00402266 -0.0113038 0.00589129 0.00399313 0.999975 2.97335
0.999934 -0.00522922 -0.0102591 -0.373658 0.00518768 0.999978 -0.00407081 -0.0345665 0.0102801 0.00401732 0.999939 3.97238
0.999776 -0.0052263 -0.0205211 -0.218586 0.00512155 0.999974 -0.00515358 -0.0373215 0.0205475 0.00504733 0.999776 4.96028
0.998885 -0.00425341 -0.0470101 0.0912805 0.00406977 0.999984 -0.00400136 -0.0951364 0.0470263 0.00380558 0.998886 5.9093
0.999296 -0.00247125 -0.0374462 -0.437484 0.00225242 0.99998 -0.005885 -0.0742684 0.03746 0.00579651 0.999281 6.75781
0.999169 -0.00174655 -0.0407224 -0.481658 0.00155302 0.999987 -0.00478359 -0.0670303 0.0407303 0.00471637 0.999159 7.75681
0.998995 -0.00277244 -0.0447338 -0.637014 0.00258668 0.999988 -0.00420982 -0.0238936 0.044745 0.00408988 0.99899 8.74372
0.99879 0.000832567 -0.0491676 -0.612665 -0.000870043 0.999999 -0.000740814 -0.106712 0.0491669 0.000782696 0.99879 9.73999
0.998788 0.00128082 -0.049199 -0.789515 -0.00132366 0.999999 -0.000838266 -0.114959 0.0491979 0.000902373 0.998789 10.7242
0.998681 0.00490622 -0.0511052 -0.792892 -0.00498322 0.999987 -0.00137934 -0.156427 0.0510977 0.00163219 0.998692 11.7233
0.998646 0.00116838 -0.052005 -0.948103 -0.00128352 0.999997 -0.00218058 -0.143693 0.0520023 0.00224438 0.998644 12.7111
0.998519 0.00156608 -0.0543788 -1.03839 -0.0016523 0.999997 -0.00154055 -0.161059 0.0543762 0.00162812 0.998519 13.7069
0.998534 -0.00128569 -0.0541194 -1.19423 0.00120591 0.999998 -0.00150673 -0.173467 0.0541213 0.00143926 0.998533 14.6946
0.998464 1.40719e-05 -0.0553967 -1.34633 -0.000240991 0.999992 -0.00408959 -0.183924 0.0553961 0.00409666 0.998456 15.6829
0.998447 0.00192892 -0.0556776 -1.49427 -0.00231142 0.999974 -0.00680638 -0.18271 0.055663 0.0069245 0.998426 16.6719
0.998433 0.000310391 -0.055953 -1.67856 -0.000735331 0.999971 -0.00757416 -0.168222 0.055949 0.00760344 0.998405 17.6547
0.998419 -0.00434765 -0.0560452 -1.84981 0.00396146 0.999968 -0.00699983 -0.154983 0.0560738 0.00676674 0.998404 18.6398
0.998371 -0.0071352 -0.0566098 -1.99181 0.00683825 0.999962 -0.00543757 -0.153611 0.0566465 0.0050416 0.998382 19.6297
0.998432 -0.00976529 -0.055126 -2.19145 0.0094855 0.999941 -0.00533495 -0.117051 0.0551748 0.00480368 0.998465 20.6089
0.998432 -0.00976527 -0.055126 -2.34606 0.00948547 0.999941 -0.00533495 -0.110615 0.0551748 0.00480368 0.998465 21.5968
0.99831 -0.0123238 -0.0567859 -2.44047 0.0119942 0.999909 -0.00614227 -0.117842 0.0568564 0.00545079 0.998367 22.5923
0.998281 -0.00758441 -0.0581164 -2.46237 0.0072201 0.999953 -0.00647608 -0.201843 0.0581628 0.00604534 0.998289 23.5885
0.998167 -0.00961041 -0.059753 -2.56381 0.00927231 0.999939 -0.00593296 -0.179197 0.0598064 0.00536804 0.998196 24.5831
0.999429 -0.00816432 -0.032802 -3.37527 0.0079601 0.999948 -0.00635161 -0.0954313 0.0328522 0.00608687 0.999442 25.1615
0.99953 -0.0034308 -0.030472 -3.53429 0.00336697 0.999992 -0.00214577 -0.149955 0.0304791 0.00204216 0.999533 26.1473
0.999589 -0.00577662 -0.0280922 -3.622 0.00579748 0.999983 0.000661058 -0.147648 0.0280879 -0.00082365 0.999605 27.1434
0.999652 -0.00366558 -0.0261222 -3.70611 0.0036759 0.999993 0.000347112 -0.149258 0.0261207 -0.000443014 0.999659 28.1399
0.999657 -0.00297376 -0.0260281 -3.67566 0.00290875 0.999993 -0.00253519 -0.164516 0.0260355 0.00245861 0.999658 29.1393
0.992209 -0.00650187 0.124415 -4.67092 0.00863205 0.999825 -0.0165902 -0.0927583 -0.124285 0.0175349 0.992092 29.0736
0.991914 -0.0107982 0.126453 -4.6403 0.0134844 0.999701 -0.0204063 -0.0479916 -0.126195 0.0219464 0.991763 30.0721
0.991899 -0.00785463 0.126789 -4.51611 0.010517 0.999738 -0.020343 -0.108354 -0.126596 0.0215116 0.991721 31.0625
0.992103 -0.0113054 0.124914 -4.36183 0.0135031 0.999768 -0.0167615 -0.11919 -0.124695 0.0183159 0.992026 32.0505
0.992629 -0.0126158 0.120538 -4.13058 0.0143563 0.999805 -0.0135815 -0.180459 -0.120343 0.0152118 0.992616 33.0215
0.992529 -0.0195888 0.120428 -4.11869 0.0215393 0.999657 -0.0149161 -0.181064 -0.120094 0.0173986 0.99261 34.0214
0.992457 -0.0216482 0.120664 -4.08985 0.0239904 0.99955 -0.017992 -0.226998 -0.12022 0.0207511 0.99253 35.0199
0.992637 -0.0247624 0.118573 -3.92117 0.027567 0.999376 -0.0220715 -0.19218 -0.117952 0.0251777 0.9927 36.005
0.992995 -0.0308045 0.114071 -3.67744 0.0337946 0.999132 -0.0243714 -0.0420298 -0.113221 0.0280557 0.993174 36.9631
0.993542 -0.0302193 0.109366 -3.43062 0.0329378 0.99919 -0.0231358 -0.0877996 -0.108578 0.0265886 0.993732 37.9311
0.993555 -0.0311789 0.108976 -3.44716 0.0336339 0.999219 -0.0207626 -0.101046 -0.108243 0.024294 0.993828 38.9309
0.993371 -0.0363997 0.10904 -3.46406 0.0387545 0.999057 -0.0195541 -0.0976896 -0.108225 0.0236503 0.993845 39.9307
0.994094 -0.0346725 0.102836 -3.15172 0.0367905 0.999147 -0.0187709 -0.0812284 -0.102097 0.0224434 0.994521 40.8806
0.99392 -0.0404347 0.102409 -3.11521 0.0424715 0.998939 -0.0177865 -0.0476502 -0.101581 0.0220278 0.994583 41.8793
0.994075 -0.0353829 0.102779 -3.02099 0.0371336 0.999195 -0.0151707 -0.06332 -0.10216 0.0188974 0.994589 42.8748
0.993624 -0.0410642 0.104997 -3.07935 0.042999 0.998943 -0.0162295 -0.0471589 -0.104219 0.0206408 0.99434 43.8729
0.993432 -0.0431816 0.105963 -3.06147 0.0454039 0.998795 -0.0186497 -0.0481798 -0.10503 0.0233383 0.994195 44.8728
0.993367 -0.0452869 0.105694 -3.02777 0.0477659 0.998637 -0.0210406 -0.039611 -0.104597 0.0259496 0.994176 45.8722
0.993367 -0.0452869 0.105694 -2.9873 0.0477659 0.998637 -0.0210406 -0.0654207 -0.104597 0.0259496 0.994176 46.871
0.993287 -0.0480558 0.105226 -2.97107 0.0504795 0.998515 -0.020491 -0.0856922 -0.104085 0.0256652 0.994237 47.8707
0.993792 -0.0503603 0.099201 -2.72631 0.0528231 0.998354 -0.0223573 -0.0393475 -0.0979117 0.0274586 0.994816 48.8391
0.99398 -0.047026 0.098956 -2.6227 0.0497693 0.998437 -0.0254372 -0.111623 -0.0976051 0.030209 0.994767 49.8311
0.994357 -0.0470049 0.0951074 -2.49132 0.0501116 0.998276 -0.0305433 -0.121736 -0.0935078 0.0351369 0.994998 50.8224
0.994862 -0.0446838 0.0908495 -2.2901 0.0479184 0.998281 -0.0337391 -0.110694 -0.0891858 0.0379191 0.995293 51.8019
0.994511 -0.0463816 0.0937925 -2.32876 0.0493433 0.998346 -0.0295073 -0.187207 -0.0922688 0.0339734 0.995154 52.7982
0.994183 -0.0494764 0.0956677 -2.4249 0.052137 0.998314 -0.0255133 -0.269097 -0.0942441 0.0303527 0.995086 53.7902
0.994258 -0.0479715 0.0956504 -2.31688 0.0505051 0.998429 -0.0242441 -0.323328 -0.0943371 0.0289358 0.99512 54.7829
0.994131 -0.0494642 0.0962139 -2.26995 0.0520582 0.99834 -0.0246392 -0.399885 -0.0948354 0.0295033 0.995056 55.7788
0.993783 -0.0535704 0.0976003 -2.27783 0.0563957 0.998059 -0.0264201 -0.415774 -0.0959955 0.0317601 0.994875 56.7787
0.993619 -0.0568057 0.0974417 -2.28144 0.0596066 0.997881 -0.0260759 -0.426818 -0.095754 0.0317176 0.9949 57.7786
0.993585 -0.0571237 0.0976037 -2.25417 0.0595151 0.99799 -0.0217649 -0.50403 -0.0961642 0.0274342 0.994987 58.7752
0.993569 -0.0560517 0.0983841 -2.21027 0.0580265 0.998165 -0.0173244 -0.548135 -0.0972325 0.0229218 0.994998 59.7733
0.993558 -0.0532151 0.100053 -2.21277 0.0550098 0.998369 -0.0152629 -0.594279 -0.0990774 0.0206685 0.994865 60.7722
0.993664 -0.0532021 0.0990011 -2.21267 0.0555297 0.998238 -0.0209039 -0.593789 -0.0977146 0.026269 0.994868 61.7722
0.993458 -0.0535359 0.100867 -2.27725 0.0566632 0.997989 -0.0283972 -0.605251 -0.0991442 0.0339269 0.994495 62.7701
0.993465 -0.0486137 0.103263 -2.30898 0.0524406 0.998022 -0.0346725 -0.619312 -0.101373 0.0398611 0.99405 63.7695
0.99387 -0.044336 0.101274 -2.19812 0.0481024 0.998227 -0.0350542 -0.632263 -0.0995402 0.0397109 0.994241 64.7632
0.993824 -0.0437673 0.101975 -2.2016 0.047196 0.99839 -0.0314552 -0.721951 -0.100434 0.0360738 0.99429 65.7592
0.993954 -0.0434319 0.100837 -2.14016 0.0468087 0.998411 -0.0313654 -0.710677 -0.0993148 0.0358958 0.994408 66.7572
0.994945 -0.0431206 0.0906973 -1.75468 0.0460352 0.99848 -0.0302914 -0.796031 -0.0892533 0.0343135 0.995418 67.676
0.994787 -0.0428903 0.0925118 -1.85536 0.0458992 0.998476 -0.0306448 -0.813592 -0.0910564 0.0347312 0.99524 68.6708
0.994771 -0.0413188 0.0933973 -1.81447 0.0443139 0.99856 -0.0302245 -0.864656 -0.092014 0.0342052 0.99517 69.6686
0.995057 -0.0421411 0.0899219 -1.70656 0.0450502 0.998517 -0.0305701 -0.893797 -0.0885003 0.03447 0.99548 70.6624
0.994656 -0.0431497 0.0937909 -1.86797 0.0461524 0.998481 -0.0300844 -0.929888 -0.0923504 0.0342523 0.995137 71.6486
0.994716 -0.0413028 0.0939852 -1.87369 0.0439824 0.998678 -0.0266187 -1.01442 -0.0927615 0.0306118 0.995218 72.645
0.994489 -0.0429745 0.0956316 -1.94971 0.0455338 0.998656 -0.024742 -0.992717 -0.0944398 0.0289601 0.995109 73.6419
0.996164 -0.0364391 0.0795583 -1.36473 0.0381815 0.999061 -0.0204897 -1.14257 -0.078737 0.0234487 0.99662 74.4389
0.996262 -0.0332244 0.079736 -1.3227 0.0352155 0.999099 -0.0236963 -1.2166 -0.0788769 0.0264157 0.996534 75.4353
0.99602 -0.0307353 0.0836585 -1.47753 0.0334579 0.998949 -0.0313381 -1.27623 -0.0826074 0.0340125 0.996002 76.4215
0.995746 -0.0325543 0.0861972 -1.58731 0.0359595 0.998621 -0.0382511 -1.29329 -0.0848331 0.041188 0.995544 77.4153
0.995871 -0.0301654 0.0856254 -1.42181 0.0335714 0.99869 -0.03862 -1.36804 -0.0843482 0.0413351 0.995579 78.3986
0.996272 -0.0288769 0.0812859 -1.19805 0.0317712 0.998898 -0.0345417 -1.43399 -0.0801989 0.0369955 0.996092 79.371
0.996425 -0.0288266 0.079406 -1.09409 0.0314032 0.999014 -0.0313924 -1.52068 -0.0784228 0.0337738 0.996348 80.3618
0.996288 -0.0301841 0.0806228 -0.998438 0.0331221 0.998826 -0.0353563 -1.55154 -0.079461 0.0378955 0.996117 81.3568
0.996951 -0.0358867 0.0692937 -0.544564 0.0387347 0.99844 -0.0402041 -1.63055 -0.0677429 0.0427656 0.996786 82.2443
0.996561 -0.0403029 0.0723964 -0.617673 0.0436032 0.998053 -0.0446002 -1.68949 -0.0704579 0.0476036 0.996378 83.2399
0.996275 -0.0362022 0.0782615 -0.631563 0.0397898 0.998204 -0.0447779 -1.74706 -0.0764999 0.0477252 0.995927 84.2382
0.997246 -0.0313088 0.0672344 -0.0824006 0.0341879 0.998528 -0.0421062 -1.80558 -0.0658171 0.0442889 0.996848 85.0718
0.996572 -0.0340262 0.0754109 -0.189585 0.0368477 0.99866 -0.0363452 -1.93289 -0.0740732 0.0389994 0.99649 86.0579
0.995849 -0.0379282 0.0827459 -0.176067 0.0406105 0.998695 -0.0309777 -1.99652 -0.081463 0.0342094 0.996089 87.0558
0.995876 -0.0435428 0.0795983 0.293102 0.0459952 0.998514 -0.0292404 -1.98157 -0.0782068 0.032781 0.996398 87.9387
0.995672 -0.0368 0.0853424 0.5932 0.0397569 0.998657 -0.0332105 -1.87325 -0.0840057 0.0364597 0.995798 88.8865
0.994526 -0.0314647 0.0996424 0.602124 0.0349515 0.998829 -0.0334427 -1.92847 -0.0984735 0.0367423 0.994461 89.8849
0.992614 -0.027067 0.118258 0.637 0.0311116 0.998988 -0.0324898 -1.96648 -0.117259 0.035929 0.992451 90.8836
0.989376 -0.028621 0.142534 0.656002 0.0334196 0.998948 -0.0313863 -2.00803 -0.141486 0.0358162 0.989292 91.8825
0.984618 -0.0328834 0.171599 0.814565 0.0384939 0.998824 -0.0294705 -2.07069 -0.170428 0.0356227 0.984726 92.8679
0.979363 -0.0357335 0.198927 1.09684 0.0418921 0.998762 -0.0268354 -2.11367 -0.197721 0.0346151 0.979647 93.8263
0.972104 -0.0369546 0.231622 1.13206 0.0435242 0.99878 -0.0233157 -2.16597 -0.230478 0.0327465 0.972526 94.8243
0.964641 -0.0370897 0.260943 1.67096 0.0440837 0.998807 -0.0209987 -2.21315 -0.259853 0.0317595 0.965126 95.6653
0.954739 -0.0361423 0.295241 2.21954 0.0442353 0.998805 -0.0207764 -2.16859 -0.294137 0.0328961 0.955197 96.5002
0.942803 -0.0359783 0.331402 2.84173 0.0445775 0.998837 -0.0183808 -2.16302 -0.330355 0.0321026 0.943311 97.2831
0.924646 -0.0304628 0.379607 3.27104 0.0404929 0.999009 -0.0184638 -2.15327 -0.378668 0.0324439 0.924964 98.1862
0.903227 -0.0293085 0.428161 3.81938 0.041408 0.998962 -0.0189713 -2.20269 -0.427161 0.0348647 0.903503 99.021
0.873204 -0.0270532 0.486603 4.20503 0.0413468 0.998971 -0.0186576 -2.19702 -0.485598 0.0364114 0.873424 99.9436
0.840352 -0.0280625 0.541315 4.80234 0.0433041 0.998943 -0.0154399 -2.2808 -0.540309 0.0364161 0.840678 100.741
0.802578 -0.0305831 0.595763 5.42482 0.0468442 0.998832 -0.0118315 -2.38007 -0.594706 0.0374037 0.803073 101.518
0.754539 -0.0324516 0.655452 5.94735 0.0508696 0.998664 -0.00911559 -2.43764 -0.654281 0.0402207 0.755182 102.368
0.703073 -0.0180249 0.71089 6.47903 0.052186 0.998291 -0.0263 -2.02319 -0.709201 0.0555893 0.702812 103.107
0.656955 -0.0180757 0.753713 7.32553 0.053727 0.998293 -0.0228885 -2.01912 -0.752013 0.0555314 0.656805 103.639
0.587079 -0.0171401 0.809348 7.69336 0.0538925 0.998385 -0.0179487 -2.0221 -0.807734 0.0541551 0.587055 104.569
0.533456 -0.0184317 0.845627 8.56002 0.0535411 0.998493 -0.0120122 -2.09781 -0.844131 0.0516838 0.533639 105.062
0.477381 -0.0199272 0.87847 9.45524 0.0567877 0.998352 -0.0082131 -2.1596 -0.87686 0.0538071 0.477726 105.504
0.423762 -0.0213542 0.905522 10.397 0.0627242 0.998014 -0.00581804 -2.16498 -0.903599 0.0592637 0.424259 105.84
0.373423 -0.0204703 0.927435 11.3744 0.0589033 0.998262 -0.00168326 -2.21271 -0.925789 0.0552575 0.373979 106.046
0.27333 -0.000302388 0.96192 11.5912 0.0562357 0.998295 -0.0156656 -1.96805 -0.960275 0.0583762 0.272881 106.991
0.223988 0.00226018 0.974589 12.5824 0.0563509 0.998294 -0.0152662 -1.93054 -0.972961 0.0583384 0.223479 107.118
0.178092 0.00179515 0.984012 13.5821 0.0651604 0.997782 -0.0136134 -1.9066 -0.981854 0.066543 0.17758 107.116
0.135943 -0.00232314 0.990714 14.5808 0.0787702 0.996857 -0.00847113 -1.9122 -0.98758 0.0791904 0.135699 107.063
0.0997385 -0.00595949 0.994996 15.579 0.0843854 0.99643 -0.00249073 -1.91591 -0.991429 0.0842116 0.0998854 107.004
0.0656704 -0.00161166 0.99784 16.5787 0.0858928 0.996296 -0.00404366 -1.89102 -0.994138 0.0859728 0.0655656 106.999
0.0316138 0.00283397 0.999496 17.5747 0.0733705 0.997291 -0.0051484 -1.95197 -0.996804 0.0734963 0.0313203 107.064
0.00243265 0.00495006 0.999985 18.5696 0.0653999 0.997846 -0.00509857 -2.02514 -0.997856 0.0654113 0.00210368 106.995
-0.0234316 0.00658579 0.999704 19.5446 0.0603956 0.998161 -0.00516004 -2.1003 -0.997899 0.0602568 -0.0237863 106.785
-0.0473367 0.0112218 0.998816 20.5425 0.0722558 0.997356 -0.00778095 -2.07115 -0.996262 0.0718019 -0.0480224 106.728
-0.0675658 0.0198652 0.997517 21.538 0.0819251 0.996536 -0.0142965 -2.051 -0.994346 0.0807557 -0.0689592 106.635
-0.0875645 0.0265833 0.995804 22.5347 0.0830275 0.99636 -0.0192972 -2.10336 -0.992693 0.0809894 -0.0894529 106.573
-0.104108 0.0266849 0.994208 23.5128 0.0834406 0.99635 -0.018005 -2.1451 -0.99106 0.0810829 -0.105955 106.369
-0.118774 0.0217074 0.992684 24.4805 0.0837472 0.996418 -0.0117687 -2.16321 -0.989383 0.0817367 -0.120167 106.118
-0.133216 0.0199007 0.990887 25.4754 0.0896595 0.995941 -0.00794828 -2.17086 -0.987023 0.0877837 -0.134459 106.018
-0.145966 0.0175856 0.989133 26.4425 0.0921626 0.995736 -0.0041025 -2.1923 -0.984987 0.0905623 -0.146965 105.764
-0.158811 0.0164637 0.987172 27.4374 0.0938052 0.995589 -0.00151323 -2.26012 -0.982843 0.0923615 -0.159655 105.69
-0.168395 0.0187013 0.985542 28.4132 0.0986513 0.99512 -0.00202704 -2.23357 -0.980771 0.0968837 -0.169418 105.472
-0.176167 0.0202168 0.984153 29.3933 0.10354 0.994623 -0.00189787 -2.20468 -0.9789 0.101565 -0.177313 105.276
-0.188735 0.0186376 0.981851 30.3199 0.101341 0.994852 0.000595606 -2.40718 -0.976785 0.0996137 -0.189652 105.593
-0.241574 0.0480367 0.969193 30.7471 0.107114 0.993991 -0.0225673 -2.02757 -0.964453 0.0983627 -0.245267 106.414
-0.248503 0.0477282 0.967455 31.7299 0.106047 0.994122 -0.0218043 -2.13754 -0.962809 0.0971772 -0.252104 106.266
-0.249447 0.0456362 0.967313 32.5458 0.105169 0.994257 -0.0197867 -2.29572 -0.962661 0.096796 -0.252814 105.709
-0.254504 0.0458352 0.965985 33.5349 0.104594 0.994321 -0.0196227 -2.3646 -0.961399 0.0960426 -0.257853 105.579
-0.258524 0.0444137 0.964983 34.5014 0.101497 0.994662 -0.0185881 -2.389 -0.960658 0.0931376 -0.261652 105.324
-0.304852 0.0555203 0.95078 35.0098 0.107797 0.993896 -0.0234749 -2.27543 -0.94628 0.0953345 -0.308976 106.177
-0.306057 0.056546 0.950332 35.9679 0.111028 0.993543 -0.0233603 -2.35094 -0.945517 0.0983637 -0.310359 105.901
-0.30671 0.0588115 0.949984 36.9503 0.116385 0.992917 -0.0238936 -2.37141 -0.94466 0.103235 -0.311383 105.715
-0.304034 0.0586161 0.950856 37.8974 0.115645 0.992995 -0.0242365 -2.38543 -0.945616 0.102593 -0.308683 105.395
-0.301642 0.0620925 0.951397 38.8608 0.116222 0.99283 -0.0279483 -2.31396 -0.946311 0.102143 -0.306695 105.136
-0.296758 0.0652514 0.952721 39.8225 0.121928 0.992086 -0.0299688 -2.28007 -0.947137 0.10727 -0.302365 104.864
-0.292807 0.0637996 0.954041 40.764 0.121356 0.992182 -0.0291045 -2.28759 -0.948439 0.107257 -0.29826 104.527
-0.289914 0.0615077 0.955074 41.7308 0.121078 0.992272 -0.0271498 -2.34185 -0.949363 0.107768 -0.295121 104.278
-0.286177 0.0609878 0.956234 42.6971 0.120822 0.992303 -0.0271293 -2.30221 -0.950529 0.10777 -0.291343 104.023
-0.28224 0.0588305 0.957538 43.6461 0.116877 0.992792 -0.0265462 -2.36057 -0.952198 0.104422 -0.287082 103.714
-0.281446 0.0555668 0.957967 44.6214 0.110358 0.993572 -0.0252093 -2.50349 -0.95321 0.0986247 -0.28577 103.545
-0.27761 0.0569066 0.959007 45.5454 0.104953 0.994066 -0.0286057 -2.59235 -0.954944 0.0927093 -0.281935 103.173
-0.276349 0.0604292 0.959156 46.5087 0.102308 0.9942 -0.0331604 -2.65895 -0.955596 0.0889656 -0.280928 102.913
-0.275141 0.0611363 0.959458 47.4376 0.0980285 0.994559 -0.0352615 -2.72942 -0.956393 0.0843524 -0.279637 102.549
-0.273396 0.0603776 0.960005 48.3839 0.0979311 0.994589 -0.0346634 -2.7599 -0.956903 0.0845375 -0.27783 102.228
-0.271524 0.0580274 0.960681 49.3281 0.0971518 0.994735 -0.0326256 -2.81561 -0.957516 0.0844732 -0.275731 101.903
-0.269736 0.0581941 0.961174 50.2692 0.101422 0.994337 -0.0317396 -2.85197 -0.957578 0.0889232 -0.274111 101.567
-0.275543 0.0565864 0.959622 51.2592 0.097896 0.994728 -0.030547 -2.93044 -0.956291 0.0855261 -0.27963 101.45
-0.308526 0.0665626 0.948884 52.1215 0.0971445 0.994538 -0.038179 -2.82303 -0.946242 0.0803997 -0.313307 101.945
-0.308151 0.0660602 0.949041 53.0593 0.0948993 0.994745 -0.038428 -2.89382 -0.946592 0.0782217 -0.3128 101.605
-0.307641 0.0667384 0.949159 53.9947 0.0936443 0.994818 -0.0395968 -2.93789 -0.946883 0.0767017 -0.312297 101.254
-0.309265 0.0673897 0.948585 54.9486 0.0954256 0.994651 -0.0395509 -2.95748 -0.946176 0.0782875 -0.314041 100.954
-0.312984 0.0664329 0.947432 55.9103 0.0954993 0.994696 -0.0381988 -3.00894 -0.944945 0.0785235 -0.317668 100.685
-0.316401 0.0622477 0.946581 56.8275 0.0911453 0.995223 -0.0349804 -3.07598 -0.944237 0.0752086 -0.320564 100.292
-0.321324 0.0592724 0.945113 57.7545 0.0889726 0.995514 -0.032184 -3.12082 -0.94278 0.0737476 -0.325156 99.9202
-0.325739 0.0603112 0.943534 58.67 0.090885 0.995339 -0.0322461 -3.15531 -0.941081 0.0752492 -0.329703 99.5194
-0.334901 0.0601275 0.940333 59.621 0.0884254 0.995563 -0.0321662 -3.22854 -0.938095 0.0723768 -0.338732 99.219
-0.343059 0.0612092 0.937317 60.5295 0.088098 0.995573 -0.0327695 -3.24729 -0.935173 0.071334 -0.346933 98.8015
-0.352777 0.0580637 0.933904 61.446 0.0870354 0.995782 -0.0290337 -3.34055 -0.931651 0.0710402 -0.356343 98.4124
-0.362546 0.0559728 0.930284 62.3567 0.0836755 0.996118 -0.0273243 -3.38034 -0.928202 0.0679356 -0.365822 98.0013
-0.372331 0.0565985 0.926373 63.2681 0.0856609 0.995974 -0.0264218 -3.42161 -0.924138 0.0695163 -0.37568 97.5918
-0.381204 0.0587665 0.922621 64.185 0.0893305 0.995649 -0.0265088 -3.47006 -0.920165 0.0723129 -0.384795 97.1957
-0.390429 0.0585555 0.918769 65.0929 0.0895127 0.995661 -0.0254178 -3.51527 -0.916271 0.0723177 -0.393976 96.7789
-0.399339 0.0606453 0.914795 65.995 0.0914159 0.995471 -0.0260875 -3.54459 -0.912234 0.073209 -0.403075 96.3484
-0.408706 0.0608205 0.910637 66.8922 0.0921598 0.995427 -0.0251209 -3.62909 -0.908001 0.0736571 -0.412442 95.9149
-0.417822 0.0608267 0.90649 67.8098 0.0924353 0.995425 -0.0241888 -3.69234 -0.903814 0.0736851 -0.421533 95.5225
-0.426404 0.0640806 0.90226 68.7153 0.095058 0.995139 -0.0257531 -3.6833 -0.899524 0.0747858 -0.430423 95.0984
-0.44157 0.0691531 0.894558 69.6981 0.0967121 0.994885 -0.02917 -3.56089 -0.891999 0.0736339 -0.445999 94.96
-0.449873 0.0696212 0.890375 70.5916 0.098513 0.994742 -0.028007 -3.57223 -0.887643 0.0751138 -0.454366 94.5111
-0.456722 0.070339 0.886824 71.4967 0.101227 0.994504 -0.0267469 -3.60321 -0.883831 0.0775545 -0.461332 94.0869
-0.460876 0.070247 0.88468 72.3666 0.10571 0.994111 -0.0238665 -3.66391 -0.881146 0.0825198 -0.465587 93.5974
-0.464782 0.070459 0.882617 73.2625 0.108901 0.993809 -0.0219885 -3.69219 -0.878702 0.0858983 -0.469578 93.1541
-0.467306 0.0633336 0.881824 74.1199 0.101976 0.994635 -0.0173953 -3.86635 -0.878195 0.0817962 -0.471258 92.6699
-0.471773 0.0631336 0.879457 75.0537 0.101033 0.994734 -0.0172113 -3.87575 -0.875912 0.0807342 -0.475667 92.312
-0.471773 0.0631336 0.879457 75.9159 0.101033 0.994734 -0.0172113 -3.94494 -0.875912 0.0807342 -0.475667 91.8103
-0.468581 0.0721691 0.880468 76.7235 0.107548 0.993905 -0.0242304 -3.65592 -0.876849 0.0833388 -0.473487 91.2962
-0.46738 0.0769904 0.880698 77.6496 0.113309 0.993201 -0.0266929 -3.68335 -0.876765 0.0873156 -0.472926 90.92
-0.463313 0.0769784 0.882845 78.5494 0.113497 0.99317 -0.0270352 -3.74274 -0.878896 0.0876747 -0.468886 90.4878
-0.51816 0.0692897 0.852472 79.2048 0.116943 0.993092 -0.00963758 -4.01353 -0.847251 0.094697 -0.522683 91.1929
-0.511349 0.0691402 0.856587 80.1093 0.115927 0.993197 -0.0109631 -4.05949 -0.851518 0.0936954 -0.515885 90.7689
-0.499395 0.0705747 0.863495 80.9752 0.117477 0.992988 -0.0132163 -4.08209 -0.858373 0.0948408 -0.504184 90.2691
-0.485828 0.0755614 0.870782 81.892 0.119934 0.992596 -0.0192179 -4.0305 -0.865787 0.0950999 -0.491293 89.8733
-0.467333 0.076291 0.880783 82.7801 0.118289 0.992708 -0.0232227 -4.10668 -0.876132 0.0933344 -0.472949 89.42
-0.448356 0.0778512 0.890459 83.7409 0.116033 0.99284 -0.0283784 -4.18464 -0.886292 0.0905989 -0.454179 89.1538
-0.423357 0.0792077 0.902494 84.6688 0.115109 0.9928 -0.0331364 -4.25493 -0.898621 0.0898562 -0.429426 88.7877
-0.395182 0.0799534 0.915117 85.6204 0.116157 0.992558 -0.0365585 -4.31422 -0.911229 0.0918497 -0.401528 88.486
-0.366681 0.0821664 0.926711 86.6035 0.117275 0.992229 -0.0415721 -4.29005 -0.922926 0.0934368 -0.373467 88.3048
-0.326954 0.0800964 0.94164 87.5639 0.11486 0.992383 -0.0445313 -4.29101 -0.938034 0.0935968 -0.333664 88.0261
-0.281168 0.0756383 0.956673 88.5142 0.112681 0.992595 -0.0453614 -4.38676 -0.95302 0.0950442 -0.287609 87.7299
-0.227266 0.0714972 0.971205 89.4428 0.10677 0.993118 -0.0481259 -4.3976 -0.967962 0.0927578 -0.233336 87.3589
-0.167381 0.0686963 0.983496 90.3692 0.101391 0.99348 -0.0521379 -4.42844 -0.980665 0.0909905 -0.173255 86.9836
-0.122796 0.0732899 0.989722 91.3663 0.100878 0.993026 -0.0610185 -4.42572 -0.987292 0.0923479 -0.129333 87.0592
-0.0635973 0.073528 0.995263 92.3582 0.099673 0.992764 -0.0669743 -4.54664 -0.992986 0.0949415 -0.0704659 87.0983
0.00614967 0.0813526 0.996666 93.3576 0.0948294 0.992146 -0.0815688 -4.54565 -0.995475 0.0950149 -0.00161325 87.063
0.0670281 0.0849738 0.994126 94.2876 0.0925733 0.991539 -0.0909943 -4.71093 -0.993447 0.0981287 0.0585946 87.3911
0.154545 0.0905869 0.983824 95.2203 0.0834038 0.991037 -0.104353 -4.70912 -0.984459 0.0981819 0.145605 87.0304
0.219249 0.0965253 0.970883 96.1315 0.0712643 0.990852 -0.114604 -4.78414 -0.973063 0.094316 0.210364 87.4356
0.291463 0.101464 0.951186 97.0997 0.0620482 0.990259 -0.124645 -4.81803 -0.954568 0.0953488 0.282329 87.6835
0.357063 0.0999408 0.928719 98.0297 0.0545721 0.990329 -0.127552 -4.9877 -0.932485 0.0962262 0.348156 88.0095
0.418691 0.0945093 0.903197 98.8726 0.0459191 0.991094 -0.124993 -5.14068 -0.906967 0.0938076 0.410623 88.5253
0.501342 0.0786784 0.861665 99.5826 0.0314536 0.993542 -0.109021 -5.59378 -0.864677 0.0817591 0.495629 87.9861
0.559465 0.0713547 0.825777 100.394 0.0274023 0.994151 -0.104469 -5.7016 -0.828401 0.0810749 0.554237 88.5604
0.608065 0.0649853 0.791223 101.051 0.0217405 0.994907 -0.0984223 -5.83457 -0.79359 0.0770487 0.603555 89.3023
0.650445 0.0647296 0.75679 101.659 0.0114236 0.995416 -0.0949579 -5.9571 -0.759468 0.0704101 0.646723 90.0873
0.689323 0.0642962 0.721595 102.477 0.00460861 0.995644 -0.0931173 -6.02871 -0.724439 0.0675135 0.686024 90.6574
0.718523 0.0687128 0.692101 103.087 -0.00709195 0.99578 -0.0914999 -6.13622 -0.695467 0.0608364 0.715978 91.4421
0.744098 0.0728064 0.664092 103.76 -0.0140278 0.995528 -0.0934249 -6.22791 -0.667923 0.0602015 0.741791 92.1765
0.765749 0.0737148 0.638901 104.477 -0.0182007 0.995496 -0.0930435 -6.33395 -0.642882 0.0596194 0.763641 92.8655
0.779898 0.0699148 0.62199 105.016 -0.0145908 0.995503 -0.0936045 -6.41973 -0.625737 0.0639265 0.77741 93.7034
0.789915 0.0686346 0.609363 105.606 -0.0146842 0.995549 -0.093097 -6.53331 -0.61304 0.0645908 0.787407 94.5028
0.797827 0.0708384 0.598711 106.242 -0.0186271 0.995495 -0.0929632 -6.66423 -0.602599 0.0630162 0.795552 95.2631
0.80351 0.0740757 0.590665 106.802 -0.0237335 0.995425 -0.0925511 -6.76722 -0.594818 0.0603472 0.801592 96.085
0.806827 0.0821363 0.585051 107.464 -0.0327589 0.994985 -0.0945108 -6.85101 -0.589879 0.0570883 0.805471 96.8302
0.807674 0.0915837 0.582474 108.066 -0.0420722 0.994297 -0.0979972 -6.96619 -0.588127 0.0546438 0.806921 97.62
0.807936 0.0926549 0.58194 108.647 -0.0421344 0.994117 -0.0997833 -7.09878 -0.587762 0.0560989 0.807087 98.4236
0.805991 0.0940181 0.584414 109.168 -0.0408554 0.993787 -0.103531 -7.18914 -0.590517 0.0595684 0.804824 99.2719
0.802879 0.097303 0.588147 109.689 -0.0392899 0.993081 -0.110661 -7.28657 -0.594845 0.065739 0.801148 100.12
0.800275 0.0994969 0.591321 110.288 -0.0378687 0.992555 -0.115759 -7.4028 -0.598436 0.0702466 0.798085 100.912
0.796712 0.101794 0.595725 110.866 -0.0413888 0.992589 -0.114255 -7.53757 -0.602941 0.0663718 0.79502 101.717
0.791157 0.103738 0.602752 111.353 -0.0454267 0.992755 -0.111235 -7.63881 -0.609924 0.0606231 0.790137 102.585
0.788578 0.0996474 0.606808 112.014 -0.0430852 0.993311 -0.107126 -7.73156 -0.613424 0.0583328 0.787597 103.33
0.787088 0.0940884 0.609623 112.658 -0.040172 0.994019 -0.101549 -7.8499 -0.615532 0.0554383 0.78616 104.085
0.784598 0.09041 0.613378 113.269 -0.0393777 0.99458 -0.0962284 -8.02091 -0.618753 0.0513473 0.783906 104.858
0.783291 0.0859574 0.615683 113.847 -0.0328135 0.994731 -0.097131 -8.0861 -0.620788 0.0558791 0.781984 105.672
0.783819 0.0843523 0.615233 114.48 -0.028853 0.994608 -0.0996076 -8.20303 -0.620318 0.0603231 0.782027 106.437
0.784206 0.0867913 0.614401 115.054 -0.0263069 0.99393 -0.106827 -8.32068 -0.619943 0.0676111 0.781728 107.247
0.784192 0.092074 0.613649 115.682 -0.0275493 0.993121 -0.113805 -8.42416 -0.619906 0.0723397 0.781334 108.019
0.785071 0.0943816 0.612173 116.199 -0.0275875 0.99267 -0.117665 -8.55491 -0.618792 0.0754873 0.78192 108.865
0.785502 0.0930288 0.611827 116.739 -0.0285169 0.993028 -0.114379 -8.62297 -0.618202 0.0723975 0.782678 109.704
0.787023 0.0886962 0.610515 117.431 -0.0286612 0.993799 -0.107433 -8.71388 -0.616258 0.0670539 0.784685 110.42
0.789279 0.0855182 0.608051 118.066 -0.0291719 0.994358 -0.101983 -8.81742 -0.613342 0.0627553 0.787321 111.185
0.790221 0.0881519 0.606449 118.662 -0.0321886 0.994205 -0.102572 -8.93454 -0.611976 0.0615342 0.788479 111.979
0.790352 0.0934481 0.605484 119.174 -0.0346967 0.99354 -0.108049 -8.99764 -0.611669 0.0643884 0.788489 112.836
0.792944 0.0958355 0.60171 119.794 -0.033633 0.992931 -0.113824 -9.08843 -0.608365 0.0700186 0.790562 113.615
0.795083 0.0938555 0.599195 120.314 -0.0280394 0.992586 -0.118269 -9.17279 -0.605853 0.0772322 0.791819 114.465
0.796838 0.0921541 0.597124 120.904 -0.0284715 0.992929 -0.115245 -9.32554 -0.603522 0.0748304 0.793828 115.259
0.798936 0.0898287 0.59467 121.49 -0.0284262 0.993318 -0.111857 -9.48697 -0.600744 0.072462 0.79615 116.052
0.798695 0.0904833 0.594895 122.014 -0.0316107 0.993574 -0.108682 -9.62434 -0.600906 0.067999 0.796422 116.893
0.799196 0.0882978 0.59455 122.608 -0.0305274 0.993837 -0.106562 -9.73553 -0.600295 0.0670137 0.796966 117.69
0.800107 0.0820097 0.594224 123.225 -0.023888 0.994181 -0.105044 -9.85259 -0.599381 0.0698514 0.79741 118.468
0.802112 0.0834599 0.591313 123.948 -0.0263772 0.994171 -0.10454 -9.95349 -0.596591 0.0682557 0.799638 119.151
0.800304 0.0877382 0.59314 124.456 -0.0277964 0.993601 -0.10947 -10.0015 -0.598949 0.0711223 0.797622 120.011
0.800443 0.0922328 0.59227 125.061 -0.0323235 0.993295 -0.110999 -10.1505 -0.598536 0.0697039 0.798057 120.793
0.798951 0.101651 0.592743 125.689 -0.0438199 0.992832 -0.111198 -10.3375 -0.599797 0.0628682 0.797678 121.549
0.796784 0.105139 0.595047 126.286 -0.0485291 0.9927 -0.110418 -10.4867 -0.602313 0.0591021 0.796069 122.337
0.793743 0.108813 0.598441 126.857 -0.0542879 0.992615 -0.10848 -10.6275 -0.605826 0.0536174 0.793789 123.145
0.792729 0.109556 0.599648 127.462 -0.0541915 0.992488 -0.109688 -10.7386 -0.60716 0.0544573 0.792711 123.934
0.791428 0.108713 0.601518 128.037 -0.0515397 0.992421 -0.111549 -10.8811 -0.609086 0.057281 0.791033 124.739
0.791089 0.101796 0.603172 128.615 -0.044298 0.993001 -0.109488 -11.0035 -0.610095 0.0598953 0.790061 125.547
0.794349 0.0985378 0.599416 129.376 -0.0398289 0.993081 -0.110471 -11.1683 -0.606154 0.0638784 0.792778 126.173
0.792891 0.101173 0.600905 130.001 -0.0418598 0.992834 -0.111927 -11.2742 -0.607923 0.0635923 0.791445 126.947
0.79285 0.100379 0.601093 130.62 -0.0430169 0.993099 -0.109102 -11.3802 -0.607896 0.0606443 0.791697 127.725
0.792133 0.101212 0.601898 131.263 -0.0477157 0.993406 -0.10425 -11.4877 -0.60848 0.0538598 0.791739 128.484
0.791259 0.101572 0.602986 131.84 -0.0514414 0.993669 -0.099879 -11.6167 -0.609313 0.0480117 0.791475 129.29
0.789454 0.105242 0.604721 132.404 -0.0514419 0.99307 -0.105672 -11.7412 -0.611651 0.052315 0.789396 130.106
0.791083 0.107833 0.602129 133.07 -0.0433771 0.991751 -0.12062 -11.8723 -0.610168 0.0693022 0.789235 130.841
0.791852 0.110312 0.600667 133.694 -0.0394996 0.990743 -0.129877 -11.9852 -0.609434 0.0791175 0.78888 131.614
0.793179 0.103504 0.600128 134.32 -0.0385336 0.992006 -0.120163 -12.1189 -0.607768 0.0721855 0.790827 132.383
0.795219 0.0881799 0.599876 134.977 -0.0349439 0.994389 -0.099849 -12.2538 -0.605315 0.0584397 0.793838 133.125
0.798146 0.0784205 0.597339 135.655 -0.0341284 0.995785 -0.0851285 -12.3692 -0.601497 0.0475588 0.797458 133.85
0.79901 0.0847758 0.595312 136.265 -0.0377154 0.995128 -0.0910915 -12.4759 -0.600134 0.0503306 0.798314 134.635
0.799026 0.0982856 0.593209 136.801 -0.0421745 0.993282 -0.107764 -12.5609 -0.599815 0.0610882 0.797803 135.475
0.799013 0.103883 0.592272 137.344 -0.0427772 0.992288 -0.116336 -12.6484 -0.59979 0.067618 0.797295 136.31
0.800977 0.0999401 0.590294 137.938 -0.0382494 0.992497 -0.116134 -12.7951 -0.597471 0.0704425 0.79879 137.101
0.802628 0.0985253 0.588286 138.527 -0.0388925 0.992809 -0.113211 -12.9508 -0.59521 0.0679867 0.800689 137.894
0.806747 0.0969673 0.582886 139.156 -0.0372968 0.992833 -0.113544 -13.0895 -0.589718 0.0698615 0.804582 138.659
0.808565 0.0984936 0.580104 139.67 -0.0381303 0.992589 -0.115381 -13.1967 -0.58717 0.0711733 0.806329 139.51
0.809521 0.104015 0.577803 140.221 -0.0442306 0.992188 -0.116643 -13.2918 -0.585423 0.0688686 0.807798 140.339
0.810904 0.107215 0.575274 140.779 -0.0487369 0.992031 -0.116188 -13.4383 -0.583147 0.0661803 0.809667 141.156
0.813297 0.107247 0.57188 141.419 -0.049406 0.992045 -0.11578 -13.5351 -0.579748 0.065909 0.812126 141.919
0.814426 0.102662 0.571113 141.967 -0.0470124 0.992663 -0.111397 -13.6564 -0.578359 0.0638754 0.813278 142.746
0.814426 0.102662 0.571113 142.513 -0.0470124 0.992663 -0.111397 -13.7701 -0.578359 0.0638754 0.813278 143.576
0.815377 0.102116 0.569854 143.081 -0.0445512 0.99247 -0.114101 -13.9098 -0.577214 0.0676474 0.813786 144.387
0.818697 0.0994788 0.565544 143.7 -0.0392492 0.992271 -0.117722 -14.0613 -0.572883 0.0741811 0.816273 145.158
0.822583 0.0952848 0.560604 144.147 -0.0347912 0.992447 -0.117635 -14.2058 -0.567579 0.0772602 0.819686 146.041
0.826704 0.0913295 0.555175 144.698 -0.0347229 0.993138 -0.111672 -14.3513 -0.561565 0.073042 0.824203 146.862
0.830671 0.0866939 0.549972 145.289 -0.0349496 0.993974 -0.103896 -14.4569 -0.555665 0.0670821 0.828696 147.662
0.833363 0.0815116 0.546683 145.873 -0.0344614 0.994804 -0.0957944 -14.5324 -0.551651 0.0609919 0.831842 148.47
0.836251 0.0866851 0.541451 146.466 -0.0424021 0.994692 -0.0937594 -14.6388 -0.546705 0.0554477 0.835488 149.268
0.838063 0.0913856 0.537865 146.939 -0.0458116 0.994177 -0.0975345 -14.7592 -0.543646 0.0570996 0.83737 150.141
0.842687 0.0957499 0.529822 147.475 -0.0454682 0.9932 -0.107175 -14.8871 -0.536481 0.0662245 0.84131 150.975
0.846133 0.0938786 0.524639 147.929 -0.0406878 0.99287 -0.112043 -15.0101 -0.531417 0.0734565 0.84392 151.858
0.850542 0.0935247 0.517524 148.516 -0.0403268 0.992761 -0.113131 -15.0818 -0.524358 0.0753527 0.848157 152.665
0.852948 0.100998 0.512132 148.968 -0.0514622 0.992594 -0.110041 -15.2233 -0.519453 0.0675035 0.851828 153.545
0.855798 0.10638 0.506254 149.408 -0.0572092 0.992087 -0.111759 -15.3545 -0.514137 0.0666808 0.855112 154.434
0.865985 0.11152 0.487477 150.21 -0.0603942 0.991005 -0.119423 -15.3888 -0.49641 0.0739781 0.86493 155.03
0.870083 0.111585 0.480109 150.666 -0.0600366 0.990778 -0.121471 -15.5142 -0.489235 0.0768659 0.868758 155.912
0.872978 0.111346 0.474881 151.123 -0.0619662 0.991024 -0.118454 -15.6349 -0.483808 0.0739814 0.872042 156.792
0.875348 0.112808 0.47015 151.575 -0.0677747 0.991428 -0.111698 -15.7459 -0.47872 0.0659099 0.87549 157.678
0.878173 0.113364 0.464715 151.966 -0.072539 0.991836 -0.104874 -15.8899 -0.47281 0.0583871 0.879228 158.587
0.882721 0.112132 0.456322 152.503 -0.0731358 0.992061 -0.102303 -15.9636 -0.464171 0.0569311 0.883914 159.427
0.884782 0.114252 0.451782 152.943 -0.0771434 0.992013 -0.0997919 -16.104 -0.459575 0.0534421 0.88653 160.314
0.886442 0.11497 0.448333 153.405 -0.0776132 0.991865 -0.100896 -16.2372 -0.456286 0.054642 0.888154 161.191
0.887012 0.124256 0.444714 153.857 -0.0850086 0.990594 -0.107223 -16.3364 -0.453854 0.0573033 0.889232 162.078
0.890081 0.13625 0.434962 154.504 -0.0943494 0.988684 -0.116629 -16.3603 -0.445931 0.062771 0.892864 162.839
0.890913 0.136605 0.433143 154.847 -0.0941218 0.988523 -0.118167 -16.4761 -0.444314 0.0645081 0.893546 163.772
0.892631 0.13531 0.430001 155.267 -0.0956613 0.989021 -0.112637 -16.5811 -0.44052 0.0594091 0.895775 164.673
0.894025 0.128997 0.429043 155.649 -0.0936445 0.990303 -0.102614 -16.6609 -0.43812 0.0515623 0.897436 165.594
0.898919 0.121309 0.420985 156.327 -0.0901293 0.991553 -0.0932704 -16.7952 -0.428743 0.0458996 0.90226 166.317
0.902013 0.117425 0.415431 156.73 -0.0847136 0.991733 -0.0963852 -16.8889 -0.423315 0.051748 0.904504 167.227
0.906795 0.106226 0.407969 157.098 -0.0680001 0.991917 -0.10713 -16.9649 -0.416052 0.0694029 0.906689 168.154
0.911346 0.103127 0.398513 157.582 -0.064066 0.991847 -0.11016 -17.0948 -0.406624 0.0748627 0.910523 169.019
0.913886 0.103925 0.392444 157.922 -0.0661898 0.991887 -0.108531 -17.1901 -0.400539 0.0732094 0.91335 169.955
0.916617 0.100017 0.387052 158.218 -0.0655992 0.992704 -0.101171 -17.321 -0.394347 0.0673445 0.916491 170.901
0.919903 0.0927159 0.381028 158.559 -0.0598074 0.993452 -0.0973468 -17.4173 -0.387558 0.0667613 0.919425 171.836
0.923359 0.0837136 0.374701 158.974 -0.0522216 0.994254 -0.0934435 -17.5127 -0.38037 0.0667144 0.922425 172.741
0.925687 0.0778208 0.3702 159.341 -0.0468764 0.994666 -0.091877 -17.6374 -0.375376 0.0676957 0.924397 173.663
0.92919 0.0703536 0.362846 159.713 -0.036892 0.994468 -0.0983471 -17.7167 -0.367758 0.077997 0.926645 174.587
0.932335 0.0717382 0.354407 160.099 -0.0351619 0.993464 -0.108594 -17.87 -0.359881 0.0887848 0.928764 175.497
0.934867 0.0649171 0.349012 160.415 -0.0266075 0.993186 -0.113464 -17.972 -0.354 0.0967872 0.930224 176.441
0.937897 0.0645393 0.340857 160.806 -0.0295467 0.993833 -0.106876 -18.0668 -0.345653 0.0901678 0.93402 177.356
0.938363 0.0755382 0.337297 161.121 -0.0462021 0.994482 -0.0941813 -18.2017 -0.34255 0.0727923 0.936675 178.295
0.939686 0.0762328 0.333434 161.425 -0.0501598 0.99502 -0.0861301 -18.3079 -0.338339 0.0642103 0.938831 179.242
0.940969 0.0745028 0.330192 161.74 -0.0476419 0.994917 -0.0887197 -18.4041 -0.335123 0.0677515 0.939735 180.186
0.941133 0.0808997 0.328212 162.001 -0.050587 0.993713 -0.0998805 -18.5094 -0.334229 0.0773976 0.939309 181.146
0.941244 0.0962995 0.323708 162.321 -0.0635296 0.991861 -0.110343 -18.5958 -0.331699 0.0832948 0.939701 182.089
0.943024 0.0932797 0.319381 162.675 -0.0590642 0.991584 -0.115209 -18.6754 -0.32744 0.0897811 0.940597 183.021
0.944731 0.0862502 0.316297 163.046 -0.0532749 0.992338 -0.111474 -18.7719 -0.323488 0.0884627 0.942088 183.945
0.944746 0.0825723 0.317232 163.367 -0.052316 0.99333 -0.102752 -18.873 -0.323601 0.0804781 0.942765 184.886
0.94427 0.0826416 0.31863 163.643 -0.0540927 0.99377 -0.0974443 -18.9892 -0.324698 0.0747782 0.942857 185.841
0.944983 0.0838078 0.316201 163.982 -0.0548222 0.993527 -0.0994914 -19.0764 -0.322492 0.0766829 0.943461 186.777
0.945616 0.0824264 0.314668 164.248 -0.0501895 0.992749 -0.109222 -19.1811 -0.321389 0.0874893 0.942897 187.736
0.946746 0.0779734 0.312399 164.548 -0.0419414 0.991833 -0.120451 -19.3189 -0.319239 0.100934 0.942284 188.68
0.948174 0.0685303 0.310274 164.851 -0.0309374 0.991737 -0.124503 -19.4414 -0.316242 0.108451 0.942459 189.625
0.947872 0.0692754 0.31103 165.127 -0.0333871 0.992301 -0.119266 -19.5813 -0.316898 0.102664 0.942887 190.576
0.947302 0.0736776 0.311754 165.403 -0.0417173 0.993277 -0.107981 -19.739 -0.317614 0.0892847 0.944007 191.524
0.94744 0.0742495 0.311198 165.684 -0.0436553 0.993602 -0.104158 -19.8813 -0.316941 0.0850977 0.94462 192.473
0.947351 0.076593 0.310901 165.952 -0.0449871 0.993176 -0.107596 -20.0112 -0.31702 0.087945 0.944332 193.427
0.947177 0.0800906 0.310549 166.255 -0.0468111 0.992471 -0.113184 -20.1401 -0.317276 0.0926683 0.943795 194.372
0.94667 0.0853991 0.310682 166.52 -0.0523684 0.992196 -0.113161 -20.2685 -0.317921 0.090856 0.943754 195.327
0.945959 0.0880354 0.312109 166.8 -0.0558353 0.992288 -0.110662 -20.3826 -0.319445 0.087255 0.943579 196.281
0.945898 0.0874558 0.312457 167.07 -0.0566078 0.992701 -0.106486 -20.5301 -0.319489 0.0830376 0.943945 197.232
0.945167 0.0922651 0.313282 167.34 -0.0626106 0.992662 -0.103455 -20.6525 -0.320528 0.0781671 0.944008 198.187
0.944372 0.0967002 0.314341 167.532 -0.0667725 0.992266 -0.104645 -20.7791 -0.322029 0.0778342 0.943525 199.16
0.944679 0.0950522 0.313921 167.812 -0.0637568 0.992048 -0.10852 -20.9214 -0.32174 0.0825016 0.943227 200.11
0.945555 0.0955502 0.311119 168.155 -0.0629429 0.991573 -0.113233 -21.0668 -0.319316 0.0874856 0.943601 201.038
0.94669 0.0962884 0.307419 168.614 -0.0639959 0.991478 -0.113472 -21.1529 -0.315726 0.0877494 0.944784 201.922
0.947069 0.0945883 0.30678 168.91 -0.065796 0.992513 -0.102897 -21.2914 -0.314216 0.077266 0.946202 202.867
0.947526 0.0916598 0.306258 169.192 -0.0657851 0.993416 -0.0937877 -21.4262 -0.312838 0.0687191 0.947317 203.817
0.948769 0.0817443 0.305212 169.49 -0.0556063 0.994076 -0.0933858 -21.5114 -0.311038 0.0716299 0.947694 204.768
0.949032 0.0840145 0.303776 169.777 -0.055775 0.993374 -0.100487 -21.6221 -0.310206 0.0784224 0.947429 205.719
0.949183 0.0861487 0.302706 170.081 -0.0560526 0.992704 -0.106757 -21.7129 -0.309694 0.0843645 0.947086 206.667
0.948764 0.0957674 0.301124 170.461 -0.0642243 0.991519 -0.112982 -21.8986 -0.30939 0.0878537 0.946868 207.574
0.948255 0.0969762 0.302338 170.691 -0.0644027 0.991167 -0.115928 -22.0654 -0.310909 0.0904581 0.946125 208.532
0.947482 0.0972513 0.304665 170.944 -0.0630075 0.990736 -0.120302 -22.2052 -0.313542 0.0947882 0.944832 209.49
