1 0 0 0 0 1 0 0 0 0 1 0
0.999982 -0.00492267 -0.00337161 -0.0649846 0.0049134 0.999984 -0.00275311 0.0372497 0.00338511 0.0027365 0.999991 0.997191
0.999966 -0.00449567 -0.00697805 -0.0923881 0.00447677 0.999986 -0.00272244 -0.0147118 0.0069902 0.00269111 0.999972 1.99546
0.999956 -0.00573942 -0.00742559 -0.250075 0.00571143 0.999977 -0.00378502 -0.0198266 0.00744714 0.00374244 0.999965 2.98294
0.999899 -0.00581458 -0.0129742 -0.345236 0.00572826 0.999961 -0.00668046 0.0580542 0.0130126 0.00660547 0.999894 3.97535
0.999849 -0.00649941 -0.0161025 -0.379611 0.00639481 0.999958 -0.00653903 0.0195008 0.0161443 0.00643508 0.999849 4.97402
0.999804 -0.00410754 -0.0193925 -0.389954 0.00397672 0.999969 -0.00677996 -0.0149853 0.0194198 0.00670151 0.999789 5.97337
0.999688 -0.00306086 -0.0248078 -0.352904 0.00289096 0.999972 -0.00688182 -0.0501531 0.0248282 0.00680795 0.999669 6.97206
0.999533 -0.00326767 -0.030378 -0.405264 0.00315377 0.999988 -0.00379668 -0.0936443 0.03039 0.0036991 0.999531 7.96974
0.999453 -0.00545092 -0.0326044 -0.519832 0.00544037 0.999985 -0.000412418 -0.105606 0.0326062 0.000234813 0.999468 8.96309
0.999364 -0.0064048 -0.0350686 -0.56397 0.00651101 0.999975 0.0029153 -0.111076 0.035049 -0.00314178 0.999381 9.9621
0.999311 -0.0060551 -0.0366305 -0.718801 0.00618093 0.999975 0.00332286 -0.132822 0.0366094 -0.00354698 0.999323 10.9498
0.999292 -0.00567274 -0.037191 -0.869709 0.0057837 0.999979 0.00287654 -0.120716 0.0371739 -0.0030896 0.999304 11.9383
0.999225 -0.00638325 -0.0388484 -0.869146 0.00644984 0.999978 0.00158923 -0.15381 0.0388374 -0.00183857 0.999244 12.9377
0.999225 -0.00640812 -0.0388496 -1.05286 0.00647494 0.999978 0.00159435 -0.14146 0.0388385 -0.00184467 0.999244 13.9206
0.999225 -0.00640812 -0.0388496 -0.950955 0.00647494 0.999978 0.00159435 -0.19248 0.0388385 -0.00184467 0.999244 14.9141
0.999248 -0.00173931 -0.0387254 -1.11351 0.0016829 0.999997 -0.00148923 -0.186295 0.0387279 0.00142294 0.999249 15.9008
0.999189 -0.000491318 -0.040271 -1.17243 0.000300751 0.999989 -0.00473801 -0.186963 0.0402729 0.00472206 0.999178 16.8991
0.998708 0.0147662 -0.0486253 -0.939153 -0.0150007 0.999878 -0.00446138 -0.366844 0.0485535 0.00518503 0.998807 17.8547
0.998595 0.0203665 -0.048923 -0.920292 -0.020562 0.999782 -0.00349655 -0.437849 0.0488411 0.0044976 0.998796 18.852
0.998354 0.0259086 -0.0511746 -0.944988 -0.0260529 0.999658 -0.00215471 -0.519587 0.0511013 0.00348441 0.998687 19.8483
0.998256 0.0297583 -0.0509821 -1.10159 -0.0298606 0.999553 -0.00124585 -0.528441 0.0509223 0.00276604 0.998699 20.8359
0.998304 0.0258484 -0.0521704 -1.14815 -0.0259241 0.999664 -0.000775442 -0.52895 0.0521328 0.0021266 0.998638 21.8349
0.998304 0.0258073 -0.0521788 -1.26141 -0.0258829 0.999665 -0.000775028 -0.534861 0.0521413 0.00212425 0.998637 22.8284
0.997857 0.0265645 -0.0598047 -1.17392 -0.0265984 0.999646 0.000228462 -0.60706 0.0597896 0.00136274 0.99821 23.822
0.997865 0.0255966 -0.060092 -1.31357 -0.0255583 0.999672 0.00140689 -0.590364 0.0601083 0.000131963 0.998192 24.812
0.997792 0.02836 -0.0600587 -1.42215 -0.0281395 0.999594 0.00451412 -0.590409 0.0601623 -0.00281413 0.998185 25.8061
0.997764 0.0308731 -0.0592715 -1.55793 -0.030494 0.999508 0.0072896 -0.584887 0.0594674 -0.00546587 0.998215 26.7968
0.998092 0.0253871 -0.0562794 -1.73722 -0.0248688 0.999642 0.00989105 -0.539199 0.0565104 -0.00847258 0.998366 27.7796
0.998071 0.0269434 -0.0559257 -1.74393 -0.0264536 0.999605 0.00948032 -0.534427 0.056159 -0.00798261 0.99839 28.7795
0.998174 0.0289644 -0.0530082 -1.92919 -0.0286043 0.999562 0.0075408 -0.59103 0.0532034 -0.00601077 0.998566 29.7606
0.998117 0.0307825 -0.0530594 -1.93136 -0.0306282 0.999524 0.00371756 -0.641801 0.0531486 -0.00208545 0.998584 30.7593
0.998173 0.0279633 -0.0535522 -1.9981 -0.028073 0.999605 -0.00129752 -0.594079 0.0534948 0.00279852 0.998564 31.7559
0.998349 0.0246084 -0.0519074 -2.16534 -0.0247071 0.999694 -0.00126153 -0.568635 0.0518605 0.00254193 0.998651 32.7415
0.998404 0.0219118 -0.052049 -2.20727 -0.0218244 0.999759 0.00224668 -0.507735 0.0520857 -0.00110716 0.998642 33.7388
0.998477 0.01981 -0.051482 -2.32196 -0.0195881 0.999797 0.00481143 -0.519923 0.0515668 -0.00379567 0.998662 34.7321
0.998553 0.0146007 -0.0517488 -2.38781 -0.0143979 0.999887 0.00428944 -0.544752 0.0518056 -0.00353816 0.998651 35.7296
0.998597 0.0158396 -0.0505229 -2.56063 -0.015809 0.999875 0.00100545 -0.591701 0.0505325 -0.000205327 0.998722 36.7135
0.998253 0.019389 -0.0558054 -2.50283 -0.0195057 0.999809 -0.00154698 -0.676912 0.0557647 0.0026328 0.99844 37.7081
0.998271 0.0189755 -0.0556291 -2.66845 -0.0190798 0.999817 -0.00134457 -0.693316 0.0555934 0.00240364 0.998451 38.6942
0.99831 0.0166881 -0.0556612 -2.82092 -0.0167179 0.99986 -6.87537e-05 -0.668777 0.0556522 0.000999173 0.99845 39.6822
0.998252 0.0209183 -0.0552784 -2.99014 -0.0207799 0.999779 0.00307666 -0.693399 0.0553306 -0.0019226 0.998466 40.6675
0.998096 0.0248433 -0.0564562 -3.08021 -0.0246084 0.999685 0.00485276 -0.749244 0.056559 -0.00345422 0.998393 41.6618
0.997997 0.0287277 -0.056358 -3.17827 -0.0282872 0.999563 0.00859777 -0.825502 0.0565804 -0.00698633 0.998374 42.6541
0.997898 0.0311753 -0.0568188 -3.26181 -0.0305411 0.999462 0.0119958 -0.839701 0.0571622 -0.0102353 0.998312 43.6505
0.996475 0.0437391 -0.0715902 -2.97335 -0.0426805 0.998957 0.0162512 -0.934889 0.0722264 -0.0131384 0.997302 44.6032
0.996493 0.0467242 -0.0694102 -3.14826 -0.0457406 0.99883 0.0156946 -0.958079 0.0700623 -0.0124647 0.997465 45.5876
0.996328 0.0521998 -0.0678629 -3.22136 -0.0513324 0.998577 0.0144647 -0.993704 0.0685213 -0.010928 0.99759 46.5842
0.996272 0.0561576 -0.0654813 -3.4238 -0.0554673 0.998385 0.0123144 -0.999775 0.0660671 -0.00863638 0.997778 47.5635
0.996352 0.0531671 -0.0667528 -3.53449 -0.0524882 0.998551 0.0118849 -0.961999 0.0672879 -0.0083378 0.997699 48.5567
0.995983 0.0542166 -0.0712672 -3.4807 -0.0534371 0.998489 0.0128014 -0.979628 0.0718535 -0.00894169 0.997375 49.5551
0.996076 0.0508056 -0.0724706 -3.61663 -0.0498968 0.998652 0.0142968 -0.970667 0.0730993 -0.0106246 0.997268 50.5457
0.996154 0.0494696 -0.072312 -3.76691 -0.0489571 0.998762 0.00884398 -0.908363 0.07266 -0.00526978 0.997343 51.5324
0.996059 0.0512723 -0.07237 -3.91467 -0.0510905 0.998685 0.0043625 -0.905146 0.0724984 -0.00064789 0.997368 52.5214
0.996362 0.0484434 -0.0701147 -4.14278 -0.0484014 0.998825 0.00229983 -0.871829 0.0701438 0.00110219 0.997536 53.4945
0.996382 0.0482651 -0.0699587 -4.24834 -0.0479862 0.998832 0.00566277 -0.883443 0.0701503 -0.00228523 0.997534 54.4888
0.996546 0.0469231 -0.0685196 -4.4161 -0.0464221 0.998882 0.00888744 -0.904242 0.0688601 -0.00567592 0.99761 55.4744
0.996546 0.0469231 -0.0685196 -4.53066 -0.0464221 0.998882 0.00888744 -0.896298 0.0688601 -0.00567592 0.99761 56.4678
0.996445 0.0456701 -0.0707916 -4.56822 -0.0452499 0.998947 0.00752935 -0.914667 0.071061 -0.00429926 0.997463 57.467
0.996597 0.0444403 -0.069418 -4.72911 -0.0441074 0.999007 0.0063205 -0.929283 0.06963 -0.00323715 0.997568 58.4538
0.996915 0.0406767 -0.0671313 -4.95761 -0.0403685 0.999167 0.00594115 -0.858432 0.0673171 -0.00321282 0.997726 59.4248
0.997063 0.0374579 -0.066806 -4.99422 -0.0368276 0.999265 0.0106421 -0.885854 0.0671555 -0.00815055 0.997709 60.4237
0.997175 0.0340658 -0.0669454 -5.09491 -0.0330782 0.999328 0.0158062 -0.860023 0.0674388 -0.0135471 0.997631 61.4183
0.997155 0.0348581 -0.0668388 -5.21558 -0.0336822 0.999259 0.0186396 -0.871055 0.067439 -0.0163353 0.99759 62.411
0.996886 0.035522 -0.070406 -5.19528 -0.0345096 0.999283 0.0155448 -0.888675 0.0709077 -0.0130667 0.997397 63.4106
0.99691 0.0354537 -0.0700942 -5.39576 -0.0351813 0.999368 0.00511764 -0.801377 0.0702313 -0.00263583 0.997527 64.3864
0.996862 0.0365936 -0.0701926 -5.5311 -0.0366679 0.999327 0.000229057 -0.811422 0.0701537 0.00234548 0.997533 65.3771
0.996719 0.0429593 -0.0685912 -5.6906 -0.0430196 0.999074 0.000598874 -0.813633 0.0685534 0.00235386 0.997645 66.3643
0.996667 0.0459074 -0.0674341 -5.87292 -0.0458351 0.998946 0.00261984 -0.821925 0.0674832 0.000479734 0.99772 67.3475
0.996856 0.0456343 -0.0647789 -6.12278 -0.045478 0.998958 0.00388591 -0.794746 0.0648887 -0.000927672 0.997892 68.3154
0.996735 0.0452553 -0.0668695 -6.17822 -0.0450992 0.998975 0.00384269 -0.807629 0.0669749 -0.000814382 0.997754 69.3138
0.996759 0.0451476 -0.0665775 -6.33261 -0.0448937 0.998978 0.00530564 -0.839827 0.066749 -0.00229954 0.997767 70.3013
0.996663 0.0466814 -0.0669552 -6.50943 -0.0464378 0.998908 0.00519055 -0.846622 0.0671244 -0.00206397 0.997742 71.2855
0.996339 0.0456836 -0.0722562 -6.46841 -0.0453293 0.998951 0.00653658 -0.891543 0.072479 -0.00323733 0.997365 72.2837
0.996682 0.0442153 -0.0683339 -6.79061 -0.0438476 0.999015 0.0068717 -0.858235 0.0685704 -0.00385263 0.997639 73.2298
0.996699 0.0471195 -0.0661111 -6.99111 -0.046557 0.998865 0.0100253 -0.878386 0.0665085 -0.00691432 0.997762 74.2092
0.996744 0.048641 -0.064314 -7.18124 -0.0479014 0.998768 0.0129924 -0.842265 0.0648667 -0.00986939 0.997845 75.1903
0.996619 0.0507464 -0.0646176 -7.31253 -0.0498812 0.998644 0.0149337 -0.837095 0.0652878 -0.01166 0.997798 76.1817
0.996833 0.051264 -0.0607937 -7.64766 -0.050873 0.998673 0.00796279 -0.724586 0.0611213 -0.00484482 0.998119 77.1171
0.997094 0.0506837 -0.0568761 -7.94443 -0.0508209 0.998707 -0.000966335 -0.691702 0.0567536 0.00385402 0.998381 78.0715
0.99713 0.0496561 -0.0571422 -8.10596 -0.0501296 0.998719 -0.00688178 -0.732116 0.0567273 0.00972654 0.998342 79.0575
0.997608 0.0505249 -0.0471695 -8.5648 -0.0509548 0.998669 -0.00795586 -0.753531 0.0467048 0.0103403 0.998855 79.9458
0.99749 0.0529393 -0.047032 -8.53733 -0.053188 0.998576 -0.00405126 -0.798231 0.0467506 0.00654263 0.998885 80.9444
0.997378 0.053121 -0.0491383 -8.59741 -0.0533299 0.998573 -0.00294791 -0.787029 0.0489116 0.00556073 0.998788 81.9425
0.996978 0.0504978 -0.0590303 -8.33743 -0.0509603 0.99868 -0.00635434 -0.825679 0.0586315 0.00934334 0.998236 82.9074
0.997358 0.0416414 -0.0595161 -8.40401 -0.0423734 0.99904 -0.0110893 -0.865735 0.0589972 0.0135819 0.998166 83.9044
0.997576 0.0384937 -0.0579772 -8.4771 -0.0395716 0.999062 -0.0175601 -0.82495 0.0572469 0.0198118 0.998163 84.9008
0.997646 0.0422336 -0.054032 -8.45936 -0.0432561 0.998904 -0.0178947 -0.84488 0.053217 0.0201898 0.998379 85.9005
0.997701 0.0462377 -0.0495464 -8.52317 -0.0470198 0.998785 -0.0147363 -0.885335 0.0488048 0.0170321 0.998663 86.8976
0.997355 0.0463157 -0.0560181 -8.18654 -0.0467288 0.998889 -0.0060873 -1.11459 0.0556739 0.00868886 0.998411 87.8109
0.997988 0.0406834 -0.04863 -8.36168 -0.0409007 0.999157 -0.0034798 -1.07708 0.0484474 0.0054618 0.998811 88.7948
0.99865 0.0358805 -0.0375706 -8.50497 -0.0358961 0.999355 0.000261134 -1.12253 0.0375557 0.00108786 0.999294 89.7834
0.998819 0.0405215 -0.026801 -8.50454 -0.0405693 0.999176 -0.00124173 -1.09279 0.0267286 0.00232756 0.99964 90.783
0.998936 0.0448432 -0.0107709 -8.61307 -0.0448826 0.998986 -0.00343758 -1.06061 0.0106058 0.00391735 0.999936 91.7765
0.998731 0.0497337 0.00796255 -8.61338 -0.0497047 0.998757 -0.00379017 -1.06037 -0.00814115 0.00338959 0.999961 92.7765
0.998377 0.0476147 0.03124 -8.76738 -0.0474963 0.998861 -0.00452128 -1.04399 -0.0314197 0.00303016 0.999502 93.7645
0.997611 0.0448927 0.0525094 -8.47156 -0.0446269 0.998984 -0.00622284 -1.01921 -0.0527354 0.00386464 0.998601 94.7194
0.995674 0.0446623 0.0814741 -8.29863 -0.0443291 0.999 -0.0058953 -1.03929 -0.0816559 0.00225813 0.996658 95.7041
0.993677 0.0437901 0.103389 -7.82909 -0.0436153 0.999041 -0.00395177 -1.12209 -0.103463 -0.000582582 0.994633 96.5831
0.990088 0.0420378 0.134009 -7.43094 -0.0419572 0.999114 -0.0034265 -1.18314 -0.134034 -0.00223009 0.990974 97.4984