1 0 0 0 0 1 0 0 0 0 1 0
0.999982 -0.00492267 -0.00337161 -0.0649846 0.0049134 0.999984 -0.00275311 0.0372497 0.00338511 0.0027365 0.999991 0.997191
0.999966 -0.00449567 -0.00697805 -0.0923881 0.00447677 0.999986 -0.00272244 -0.0147118 0.0069902 0.00269111 0.999972 1.99546
0.999956 -0.00573942 -0.00742559 -0.250075 0.00571143 0.999977 -0.00378502 -0.0198266 0.00744714 0.00374244 0.999965 2.98294
0.999899 -0.00581458 -0.0129742 -0.345236 0.00572826 0.999961 -0.00668046 0.0580542 0.0130126 0.00660547 0.999894 3.97535
0.999849 -0.00649941 -0.0161025 -0.379611 0.00639481 0.999958 -0.00653903 0.0195008 0.0161443 0.00643508 0.999849 4.97402
0.999804 -0.00410754 -0.0193925 -0.389954 0.00397672 0.999969 -0.00677996 -0.0149853 0.0194198 0.00670151 0.999789 5.97337
0.999688 -0.00306086 -0.0248078 -0.352904 0.00289096 0.999972 -0.00688182 -0.0501531 0.0248282 0.00680795 0.999669 6.97206
0.999533 -0.00326767 -0.030378 -0.405264 0.00315377 0.999988 -0.00379668 -0.0936443 0.03039 0.0036991 0.999531 7.96974
0.999453 -0.00545092 -0.0326044 -0.519832 0.00544037 0.999985 -0.000412418 -0.105606 0.0326062 0.000234813 0.999468 8.96309
0.999364 -0.0064048 -0.0350686 -0.56397 0.00651101 0.999975 0.0029153 -0.111076 0.035049 -0.00314178 0.999381 9.9621
0.999311 -0.0060551 -0.0366305 -0.718801 0.00618093 0.999975 0.00332286 -0.132822 0.0366094 -0.00354698 0.999323 10.9498
0.999292 -0.00567274 -0.037191 -0.869709 0.0057837 0.999979 0.00287654 -0.120716 0.0371739 -0.0030896 0.999304 11.9383
0.999225 -0.00638325 -0.0388484 -0.869146 0.00644984 0.999978 0.00158923 -0.15381 0.0388374 -0.00183857 0.999244 12.9377
0.999225 -0.00640812 -0.0388496 -1.05286 0.00647494 0.999978 0.00159435 -0.14146 0.0388385 -0.00184467 0.999244 13.9206
0.999225 -0.00640812 -0.0388496 -0.950955 0.00647494 0.999978 0.00159435 -0.19248 0.0388385 -0.00184467 0.999244 14.9141
0.999248 -0.00173931 -0.0387254 -1.11351 0.0016829 0.999997 -0.00148923 -0.186295 0.0387279 0.00142294 0.999249 15.9008
0.999189 -0.000491318 -0.040271 -1.17243 0.000300751 0.999989 -0.00473801 -0.186963 0.0402729 0.00472206 0.999178 16.8991
0.998708 0.0147662 -0.0486253 -0.939153 -0.0150007 0.999878 -0.00446138 -0.366844 0.0485535 0.00518503 0.998807 17.8547
0.998595 0.0203665 -0.048923 -0.920292 -0.020562 0.999782 -0.00349655 -0.437849 0.0488411 0.0044976 0.998796 18.852
0.998354 0.0259086 -0.0511746 -0.944988 -0.0260529 0.999658 -0.00215471 -0.519587 0.0511013 0.00348441 0.998687 19.8483
0.998256 0.0297583 -0.0509821 -1.10159 -0.0298606 0.999553 -0.00124585 -0.528441 0.0509223 0.00276604 0.998699 20.8359
0.998304 0.0258484 -0.0521704 -1.14815 -0.0259241 0.999664 -0.000775442 -0.52895 0.0521328 0.0021266 0.998638 21.8349
0.998304 0.0258073 -0.0521788 -1.26141 -0.0258829 0.999665 -0.000775028 -0.534861 0.0521413 0.00212425 0.998637 22.8284
0.997857 0.0265645 -0.0598047 -1.17392 -0.0265984 0.999646 0.000228462 -0.60706 0.0597896 0.00136274 0.99821 23.822
0.997865 0.0255966 -0.060092 -1.31357 -0.0255583 0.999672 0.00140689 -0.590364 0.0601083 0.000131963 0.998192 24.812
0.997792 0.02836 -0.0600587 -1.42215 -0.0281395 0.999594 0.00451412 -0.590409 0.0601623 -0.00281413 0.998185 25.8061
0.997764 0.0308731 -0.0592715 -1.55793 -0.030494 0.999508 0.0072896 -0.584887 0.0594674 -0.00546587 0.998215 26.7968
0.998092 0.0253871 -0.0562794 -1.73722 -0.0248688 0.999642 0.00989105 -0.539199 0.0565104 -0.00847258 0.998366 27.7796
0.998071 0.0269434 -0.0559257 -1.74393 -0.0264536 0.999605 0.00948032 -0.534427 0.056159 -0.00798261 0.99839 28.7795
0.998174 0.0289644 -0.0530082 -1.92919 -0.0286043 0.999562 0.0075408 -0.59103 0.0532034 -0.00601077 0.998566 29.7606
0.998117 0.0307825 -0.0530594 -1.93136 -0.0306282 0.999524 0.00371756 -0.641801 0.0531486 -0.00208545 0.998584 30.7593
0.998173 0.0279633 -0.0535522 -1.9981 -0.028073 0.999605 -0.00129752 -0.594079 0.0534948 0.00279852 0.998564 31.7559
0.998349 0.0246084 -0.0519074 -2.16534 -0.0247071 0.999694 -0.00126153 -0.568635 0.0518605 0.00254193 0.998651 32.7415
0.998404 0.0219118 -0.052049 -2.20727 -0.0218244 0.999759 0.00224668 -0.507735 0.0520857 -0.00110716 0.998642 33.7388
0.998477 0.01981 -0.051482 -2.32196 -0.0195881 0.999797 0.00481143 -0.519923 0.0515668 -0.00379567 0.998662 34.7321
0.998553 0.0146007 -0.0517488 -2.38781 -0.0143979 0.999887 0.00428944 -0.544752 0.0518056 -0.00353816 0.998651 35.7296
0.998597 0.0158396 -0.0505229 -2.56063 -0.015809 0.999875 0.00100545 -0.591701 0.0505325 -0.000205327 0.998722 36.7135
0.998253 0.019389 -0.0558054 -2.50283 -0.0195057 0.999809 -0.00154698 -0.676912 0.0557647 0.0026328 0.99844 37.7081
0.998271 0.0189755 -0.0556291 -2.66845 -0.0190798 0.999817 -0.00134457 -0.693316 0.0555934 0.00240364 0.998451 38.6942
0.99831 0.0166881 -0.0556612 -2.82092 -0.0167179 0.99986 -6.87537e-05 -0.668777 0.0556522 0.000999173 0.99845 39.6822
0.998252 0.0209183 -0.0552784 -2.99014 -0.0207799 0.999779 0.00307666 -0.693399 0.0553306 -0.0019226 0.998466 40.6675
0.998096 0.0248433 -0.0564562 -3.08021 -0.0246084 0.999685 0.00485276 -0.749244 0.056559 -0.00345422 0.998393 41.6618
0.997997 0.0287277 -0.056358 -3.17827 -0.0282872 0.999563 0.00859777 -0.825502 0.0565804 -0.00698633 0.998374 42.6541
0.997898 0.0311753 -0.0568188 -3.26181 -0.0305411 0.999462 0.0119958 -0.839701 0.0571622 -0.0102353 0.998312 43.6505
0.996475 0.0437391 -0.0715902 -2.97335 -0.0426805 0.998957 0.0162512 -0.934889 0.0722264 -0.0131384 0.997302 44.6032
0.996493 0.0467242 -0.0694102 -3.14826 -0.0457406 0.99883 0.0156946 -0.958079 0.0700623 -0.0124647 0.997465 45.5876
0.996328 0.0521998 -0.0678629 -3.22136 -0.0513324 0.998577 0.0144647 -0.993704 0.0685213 -0.010928 0.99759 46.5842
0.996272 0.0561576 -0.0654813 -3.4238 -0.0554673 0.998385 0.0123144 -0.999775 0.0660671 -0.00863638 0.997778 47.5635
0.996352 0.0531671 -0.0667528 -3.53449 -0.0524882 0.998551 0.0118849 -0.961999 0.0672879 -0.0083378 0.997699 48.5567
0.995983 0.0542166 -0.0712672 -3.4807 -0.0534371 0.998489 0.0128014 -0.979628 0.0718535 -0.00894169 0.997375 49.5551
0.996076 0.0508056 -0.0724706 -3.61663 -0.0498968 0.998652 0.0142968 -0.970667 0.0730993 -0.0106246 0.997268 50.5457
0.996154 0.0494696 -0.072312 -3.76691 -0.0489571 0.998762 0.00884398 -0.908363 0.07266 -0.00526978 0.997343 51.5324
0.996059 0.0512723 -0.07237 -3.91467 -0.0510905 0.998685 0.0043625 -0.905146 0.0724984 -0.00064789 0.997368 52.5214
0.996362 0.0484434 -0.0701147 -4.14278 -0.0484014 0.998825 0.00229983 -0.871829 0.0701438 0.00110219 0.997536 53.4945
0.996382 0.0482651 -0.0699587 -4.24834 -0.0479862 0.998832 0.00566277 -0.883443 0.0701503 -0.00228523 0.997534 54.4888
0.996546 0.0469231 -0.0685196 -4.4161 -0.0464221 0.998882 0.00888744 -0.904242 0.0688601 -0.00567592 0.99761 55.4744
0.996546 0.0469231 -0.0685196 -4.53066 -0.0464221 0.998882 0.00888744 -0.896298 0.0688601 -0.00567592 0.99761 56.4678
0.996445 0.0456701 -0.0707916 -4.56822 -0.0452499 0.998947 0.00752935 -0.914667 0.071061 -0.00429926 0.997463 57.467
0.996597 0.0444403 -0.069418 -4.72911 -0.0441074 0.999007 0.0063205 -0.929283 0.06963 -0.00323715 0.997568 58.4538
0.996915 0.0406767 -0.0671313 -4.95761 -0.0403685 0.999167 0.00594115 -0.858432 0.0673171 -0.00321282 0.997726 59.4248
0.997063 0.0374579 -0.066806 -4.99422 -0.0368276 0.999265 0.0106421 -0.885854 0.0671555 -0.00815055 0.997709 60.4237
0.997175 0.0340658 -0.0669454 -5.09491 -0.0330782 0.999328 0.0158062 -0.860023 0.0674388 -0.0135471 0.997631 61.4183
0.997155 0.0348581 -0.0668388 -5.21558 -0.0336822 0.999259 0.0186396 -0.871055 0.067439 -0.0163353 0.99759 62.411
0.996886 0.035522 -0.070406 -5.19528 -0.0345096 0.999283 0.0155448 -0.888675 0.0709077 -0.0130667 0.997397 63.4106
0.99691 0.0354537 -0.0700942 -5.39576 -0.0351813 0.999368 0.00511764 -0.801377 0.0702313 -0.00263583 0.997527 64.3864
0.996862 0.0365936 -0.0701926 -5.5311 -0.0366679 0.999327 0.000229057 -0.811422 0.0701537 0.00234548 0.997533 65.3771
0.996719 0.0429593 -0.0685912 -5.6906 -0.0430196 0.999074 0.000598874 -0.813633 0.0685534 0.00235386 0.997645 66.3643
0.996667 0.0459074 -0.0674341 -5.87292 -0.0458351 0.998946 0.00261984 -0.821925 0.0674832 0.000479734 0.99772 67.3475
0.996856 0.0456343 -0.0647789 -6.12278 -0.045478 0.998958 0.00388591 -0.794746 0.0648887 -0.000927672 0.997892 68.3154
0.996735 0.0452553 -0.0668695 -6.17822 -0.0450992 0.998975 0.00384269 -0.807629 0.0669749 -0.000814382 0.997754 69.3138
0.996759 0.0451476 -0.0665775 -6.33261 -0.0448937 0.998978 0.00530564 -0.839827 0.066749 -0.00229954 0.997767 70.3013
0.996663 0.0466814 -0.0669552 -6.50943 -0.0464378 0.998908 0.00519055 -0.846622 0.0671244 -0.00206397 0.997742 71.2855
0.996339 0.0456836 -0.0722562 -6.46841 -0.0453293 0.998951 0.00653658 -0.891543 0.072479 -0.00323733 0.997365 72.2837
0.996682 0.0442153 -0.0683339 -6.79061 -0.0438476 0.999015 0.0068717 -0.858235 0.0685704 -0.00385263 0.997639 73.2298
0.996699 0.0471195 -0.0661111 -6.99111 -0.046557 0.998865 0.0100253 -0.878386 0.0665085 -0.00691432 0.997762 74.2092
0.996744 0.048641 -0.064314 -7.18124 -0.0479014 0.998768 0.0129924 -0.842265 0.0648667 -0.00986939 0.997845 75.1903
0.996619 0.0507464 -0.0646176 -7.31253 -0.0498812 0.998644 0.0149337 -0.837095 0.0652878 -0.01166 0.997798 76.1817
0.996833 0.051264 -0.0607937 -7.64766 -0.050873 0.998673 0.00796279 -0.724586 0.0611213 -0.00484482 0.998119 77.1171
0.997094 0.0506837 -0.0568761 -7.94443 -0.0508209 0.998707 -0.000966335 -0.691702 0.0567536 0.00385402 0.998381 78.0715
0.99713 0.0496561 -0.0571422 -8.10596 -0.0501296 0.998719 -0.00688178 -0.732116 0.0567273 0.00972654 0.998342 79.0575
0.997608 0.0505249 -0.0471695 -8.5648 -0.0509548 0.998669 -0.00795586 -0.753531 0.0467048 0.0103403 0.998855 79.9458
0.99749 0.0529393 -0.047032 -8.53733 -0.053188 0.998576 -0.00405126 -0.798231 0.0467506 0.00654263 0.998885 80.9444
0.997378 0.053121 -0.0491383 -8.59741 -0.0533299 0.998573 -0.00294791 -0.787029 0.0489116 0.00556073 0.998788 81.9425
0.996978 0.0504978 -0.0590303 -8.33743 -0.0509603 0.99868 -0.00635434 -0.825679 0.0586315 0.00934334 0.998236 82.9074
0.997358 0.0416414 -0.0595161 -8.40401 -0.0423734 0.99904 -0.0110893 -0.865735 0.0589972 0.0135819 0.998166 83.9044
0.997576 0.0384937 -0.0579772 -8.4771 -0.0395716 0.999062 -0.0175601 -0.82495 0.0572469 0.0198118 0.998163 84.9008
0.997646 0.0422336 -0.054032 -8.45936 -0.0432561 0.998904 -0.0178947 -0.84488 0.053217 0.0201898 0.998379 85.9005
0.997701 0.0462377 -0.0495464 -8.52317 -0.0470198 0.998785 -0.0147363 -0.885335 0.0488048 0.0170321 0.998663 86.8976
0.997355 0.0463157 -0.0560181 -8.18654 -0.0467288 0.998889 -0.0060873 -1.11459 0.0556739 0.00868886 0.998411 87.8109
0.997988 0.0406834 -0.04863 -8.36168 -0.0409007 0.999157 -0.0034798 -1.07708 0.0484474 0.0054618 0.998811 88.7948
0.99865 0.0358805 -0.0375706 -8.50497 -0.0358961 0.999355 0.000261134 -1.12253 0.0375557 0.00108786 0.999294 89.7834
0.998819 0.0405215 -0.026801 -8.50454 -0.0405693 0.999176 -0.00124173 -1.09279 0.0267286 0.00232756 0.99964 90.783
0.998936 0.0448432 -0.0107709 -8.61307 -0.0448826 0.998986 -0.00343758 -1.06061 0.0106058 0.00391735 0.999936 91.7765
0.998731 0.0497337 0.00796255 -8.61338 -0.0497047 0.998757 -0.00379017 -1.06037 -0.00814115 0.00338959 0.999961 92.7765
0.998377 0.0476147 0.03124 -8.76738 -0.0474963 0.998861 -0.00452128 -1.04399 -0.0314197 0.00303016 0.999502 93.7645
0.997611 0.0448927 0.0525094 -8.47156 -0.0446269 0.998984 -0.00622284 -1.01921 -0.0527354 0.00386464 0.998601 94.7194
0.995674 0.0446623 0.0814741 -8.29863 -0.0443291 0.999 -0.0058953 -1.03929 -0.0816559 0.00225813 0.996658 95.7041
0.993677 0.0437901 0.103389 -7.82909 -0.0436153 0.999041 -0.00395177 -1.12209 -0.103463 -0.000582582 0.994633 96.5831
0.990088 0.0420378 0.134009 -7.43094 -0.0419572 0.999114 -0.0034265 -1.18314 -0.134034 -0.00223009 0.990974 97.4984
0.984915 0.041477 0.167997 -6.972 -0.0414141 0.999135 -0.00387915 -1.24666 -0.168013 -0.00313683 0.98578 98.3846
0.975286 0.040133 0.217272 -6.96447 -0.0397974 0.99919 -0.00592194 -1.27072 -0.217333 -0.00287126 0.976093 99.3843
0.963639 0.0409169 0.264055 -6.61014 -0.039636 0.999162 -0.0101789 -1.29768 -0.26425 -0.00065726 0.964454 100.319
0.949263 0.0398257 0.311951 -6.09616 -0.0376203 0.999206 -0.0130871 -1.39619 -0.312225 0.000687363 0.950008 101.171
0.929326 0.0412044 0.366954 -5.63258 -0.0375633 0.999149 -0.0170613 -1.3829 -0.367344 0.00207151 0.930083 102.057
0.901138 0.0414769 0.431544 -5.32389 -0.0362317 0.999136 -0.0203718 -1.42318 -0.432016 0.00272228 0.901862 103.007
0.870746 0.0407095 0.490046 -4.8227 -0.0348456 0.99917 -0.0210879 -1.55758 -0.490497 0.0012863 0.871442 103.862
0.83522 0.0419357 0.548315 -4.23214 -0.0319238 0.999104 -0.0277847 -1.49778 -0.548989 0.00570205 0.83581 104.667
0.79843 0.0432236 0.600534 -3.50701 -0.0297962 0.999034 -0.0322907 -1.47812 -0.60135 0.00788819 0.798947 105.355
0.752812 0.0427717 0.656844 -2.92338 -0.0270119 0.999053 -0.0340968 -1.5001 -0.657681 0.00792588 0.753255 106.167
0.707792 0.0451094 0.70498 -2.19299 -0.0262836 0.99895 -0.0375312 -1.45423 -0.705932 0.00803484 0.708234 106.849
0.662801 0.0454312 0.747416 -1.35357 -0.0237018 0.99893 -0.0397008 -1.47002 -0.74842 0.00859862 0.663169 107.392
0.616808 0.0446702 0.785845 -0.483503 -0.0184081 0.998934 -0.0423345 -1.5305 -0.786898 0.0116463 0.616973 107.881
0.564859 0.0424338 0.824095 0.300087 -0.01175 0.998989 -0.0433855 -1.63047 -0.825104 0.0148236 0.564787 108.494
0.516414 0.044452 0.855184 1.19691 -0.010203 0.9989 -0.0457611 -1.66459 -0.856278 0.0149062 0.5163 108.935
0.467691 0.0474326 0.882619 2.08732 -0.0161517 0.998851 -0.0451204 -1.81779 -0.883745 0.00684661 0.467919 109.364
0.421824 0.0492847 0.905337 3.03082 -0.0141411 0.998758 -0.0477816 -1.89005 -0.906568 0.007353 0.421997 109.687
0.378521 0.0461164 0.924443 3.99778 -0.00675038 0.998869 -0.0470652 -2.02387 -0.925568 0.0115748 0.378404 109.904
0.339766 0.0388528 0.939707 4.98347 0.00853451 0.998978 -0.0443891 -2.05969 -0.940471 0.0231019 0.339087 110.069
0.30519 0.0355372 0.951628 5.96528 0.0148695 0.999004 -0.042075 -2.08243 -0.952175 0.0269911 0.304358 110.257
0.271617 0.0402689 0.961563 6.93241 0.0152098 0.99882 -0.0461256 -2.09251 -0.962285 0.0271537 0.270684 110.512
0.241158 0.0481521 0.969291 7.92264 0.00245409 0.998735 -0.0502254 -2.19084 -0.970483 0.014491 0.240735 110.61
0.212383 0.0521606 0.975793 8.89893 -0.00345561 0.998608 -0.052628 -2.30824 -0.97718 0.00780533 0.212268 110.792
0.186252 0.0539155 0.981022 9.8825 -0.00218639 0.998513 -0.0544617 -2.3743 -0.9825 0.00799872 0.186093 110.96
0.163814 0.0567771 0.984856 10.8783 0.00327136 0.998306 -0.0580966 -2.45386 -0.986486 0.0127388 0.163351 110.914
0.145193 0.0626929 0.987415 11.8768 0.0132672 0.997777 -0.0653017 -2.49036 -0.989314 0.0225816 0.144039 110.954
0.125267 0.0695579 0.989682 12.8715 0.0136374 0.997324 -0.0718212 -2.59154 -0.992029 0.0224935 0.123983 110.972
0.108088 0.0701184 0.991665 13.8656 0.0117024 0.997351 -0.0717959 -2.69838 -0.994072 0.0193652 0.106982 110.993
0.0926975 0.0656736 0.993526 14.8604 0.00846387 0.997734 -0.0667415 -2.78466 -0.995658 0.0145958 0.0919317 111.046
0.0780292 0.0608489 0.995092 15.8348 0.0102424 0.998034 -0.0618319 -3.00496 -0.996898 0.0150168 0.0772526 111.09
0.06557 0.0575143 0.996189 16.8148 0.0100524 0.998249 -0.0582949 -3.20358 -0.997797 0.0138364 0.064877 111.074
0.0540014 0.0581204 0.996848 17.8129 0.0165144 0.998116 -0.0590889 -3.22066 -0.998404 0.0196533 0.0529399 111.132
-0.0139721 0.0769453 0.996937 17.9618 0.0241829 0.996769 -0.0765934 -2.95255 -0.99961 0.0230387 -0.0157877 112.084
-0.0225626 0.0769447 0.99678 18.9576 0.0250933 0.996763 -0.0763754 -3.03572 -0.99943 0.0232892 -0.0244204 112.123
-0.0268342 0.0772404 0.996651 19.9359 0.0276968 0.996685 -0.0764973 -3.115 -0.999256 0.0255513 -0.0288846 111.931
-0.032808 0.0770123 0.99649 20.9145 0.0267923 0.996736 -0.0761492 -3.31583 -0.999103 0.0241999 -0.0347643 111.888
-0.133251 0.0815813 0.987719 21.0455 0.0407042 0.996216 -0.0767918 -3.31249 -0.990246 0.0299717 -0.136068 112.879
-0.138311 0.0819814 0.98699 22.0297 0.0416182 0.996169 -0.0769117 -3.40074 -0.989514 0.030439 -0.141193 112.725
-0.142962 0.0796032 0.986522 22.9933 0.0415389 0.996365 -0.0743778 -3.66009 -0.988856 0.0303458 -0.145749 112.661
-0.145774 0.0795924 0.986111 23.9771 0.0418003 0.996364 -0.0742407 -3.76159 -0.988434 0.0303974 -0.148571 112.513
-0.14763 0.0789506 0.985886 24.9596 0.0422126 0.996404 -0.0734717 -3.87498 -0.988141 0.0307702 -0.150432 112.365
-0.147647 0.0798757 0.985809 25.9399 0.0466508 0.996187 -0.0737295 -3.94086 -0.987939 0.0351029 -0.15081 112.179
-0.145629 0.0805599 0.986054 26.9222 0.0510998 0.995961 -0.0738225 -4.01312 -0.988019 0.0396365 -0.149157 112.006
-0.142241 0.0807147 0.986536 27.8893 0.051884 0.995908 -0.0740007 -4.0756 -0.988471 0.0406595 -0.145847 111.76
-0.137725 0.0811154 0.987143 28.8712 0.0539624 0.995775 -0.0742959 -4.15356 -0.988999 0.0430362 -0.14152 111.587
-0.133113 0.0791594 0.987935 29.8547 0.0510804 0.996028 -0.0729255 -4.29414 -0.989784 0.0407568 -0.136628 111.473
-0.12808 0.078312 0.988667 30.8398 0.0545531 0.995925 -0.0718196 -4.37891 -0.990262 0.0447363 -0.13183 111.324
-0.122677 0.0758487 0.989544 31.8214 0.0546034 0.996081 -0.0695804 -4.47676 -0.990943 0.0454965 -0.126338 111.16
-0.115999 0.0742144 0.990473 32.7856 0.0530504 0.996244 -0.0684339 -4.51913 -0.991832 0.0446067 -0.119501 110.898
-0.111026 0.0725469 0.991166 33.7667 0.0528945 0.99635 -0.0670013 -4.59158 -0.992409 0.0449884 -0.114458 110.719
-0.150069 0.0887894 0.984681 34.372 0.0539473 0.995211 -0.0815172 -4.39108 -0.987203 0.0408877 -0.15414 111.489
-0.145771 0.0923555 0.984998 35.3496 0.0535669 0.994909 -0.0853574 -4.47716 -0.987867 0.0403207 -0.149976 111.297
-0.143621 0.0934735 0.985208 36.3062 0.0428537 0.995183 -0.0881728 -4.66375 -0.988705 0.0295564 -0.146935 111.073
-0.193695 0.10255 0.975687 36.9316 0.0435705 0.99444 -0.0958713 -4.63921 -0.980094 0.0239413 -0.197086 111.853
-0.193118 0.1029 0.975765 37.9104 0.0412464 0.994458 -0.0967078 -4.71215 -0.980308 0.0215707 -0.196292 111.662
-0.193732 0.100267 0.975917 38.8905 0.0378103 0.994788 -0.0946995 -4.81867 -0.980326 0.0185534 -0.196513 111.494
-0.194105 0.0982559 0.976048 39.8541 0.0364111 0.995007 -0.0929235 -4.96688 -0.980305 0.0175021 -0.196714 111.272
-0.193328 0.095673 0.976458 40.8228 0.0334461 0.995298 -0.090897 -5.10763 -0.980564 0.0150858 -0.195619 111.067
-0.189612 0.0946137 0.97729 41.7382 0.0291769 0.99545 -0.0907109 -5.24962 -0.981426 0.0113145 -0.19151 110.691
-0.187457 0.0931955 0.977842 42.6996 0.0253072 0.995617 -0.090038 -5.37559 -0.981947 0.00786815 -0.188994 110.446
-0.188737 0.0911825 0.977785 43.6666 0.0189322 0.995833 -0.0892111 -5.5361 -0.981845 0.00167418 -0.189676 110.248
-0.190936 0.0904861 0.977423 44.6412 0.0156558 0.995896 -0.089138 -5.63104 -0.981478 -0.00171735 -0.191569 110.045
-0.19419 0.0897543 0.976849 45.6225 0.0159028 0.995963 -0.0883492 -5.71732 -0.980835 -0.00162188 -0.194833 109.873
-0.197911 0.0875464 0.976303 46.5967 0.0147265 0.996157 -0.0863414 -5.79391 -0.980109 -0.00271041 -0.19844 109.661
-0.203306 0.0861874 0.975315 47.569 0.0150379 0.996276 -0.0849051 -5.88628 -0.979 -0.00259495 -0.203845 109.446
-0.208162 0.0858358 0.974321 48.5138 0.015423 0.996306 -0.0844776 -6.01021 -0.977973 -0.00255802 -0.208716 109.143
-0.216441 0.0862947 0.972474 49.4822 0.0155374 0.996264 -0.0849476 -6.12321 -0.976172 -0.00327642 -0.216973 108.921
-0.225291 0.0858641 0.970501 50.4445 0.0151362 0.996297 -0.0846327 -6.24304 -0.974174 -0.00437726 -0.225756 108.677
-0.235803 0.0859094 0.967996 51.4148 0.016463 0.996295 -0.0844105 -6.31983 -0.971661 -0.00396815 -0.236344 108.447
-0.247481 0.0856511 0.9651 52.3839 0.016168 0.996311 -0.0842752 -6.41538 -0.968758 -0.00525279 -0.247953 108.22
-0.256577 0.0873829 0.962566 53.344 0.0225556 0.996175 -0.0844217 -6.48272 -0.966261 5.05809e-05 -0.257566 107.948
-0.267158 0.0865065 0.959762 54.2983 0.0220693 0.996251 -0.0836521 -6.59823 -0.9634 -0.00116705 -0.268066 107.673
-0.278739 0.0868697 0.95643 55.2671 0.0247649 0.99622 -0.0832663 -6.70131 -0.960048 0.000476313 -0.279837 107.447
-0.291352 0.0869666 0.952655 56.2465 0.0232677 0.996209 -0.0838266 -6.80805 -0.956333 -0.00225696 -0.292271 107.276
-0.301853 0.0892567 0.949167 57.2037 0.025526 0.996007 -0.0855437 -6.87984 -0.953013 -0.00159311 -0.302926 106.995
-0.311385 0.0890023 0.946107 58.1516 0.0257276 0.996029 -0.0852311 -6.9924 -0.949935 -0.00219869 -0.312439 106.697
-0.319164 0.0890879 0.943503 59.0678 0.0265611 0.996022 -0.0850618 -7.07168 -0.947327 -0.00208824 -0.320261 106.305
-0.326714 0.0904911 0.940781 59.9953 0.029746 0.995897 -0.0854624 -7.18192 -0.944655 6.273e-05 -0.328065 105.947
-0.339052 0.0914543 0.936312 60.978 0.0293488 0.995807 -0.0866379 -7.20813 -0.94031 -0.00189509 -0.340315 105.764
-0.348763 0.0923385 0.932651 61.9446 0.0331103 0.995727 -0.0862019 -7.26832 -0.936626 0.000816239 -0.350331 105.515
-0.357339 0.0934229 0.92929 62.9208 0.0384564 0.995613 -0.0853028 -7.32927 -0.933183 0.00525508 -0.359364 105.307
-0.361072 0.0931293 0.927876 63.8626 0.0437668 0.995597 -0.0828949 -7.42263 -0.93151 0.0106791 -0.363558 104.984
-0.363744 0.0958586 0.926554 64.8045 0.0478129 0.995301 -0.0842008 -7.40007 -0.930271 0.0136738 -0.366618 104.649
-0.364377 0.0957105 0.92632 65.6755 0.0460018 0.99534 -0.0847466 -7.44409 -0.930115 0.0117327 -0.367082 104.159
-0.363983 0.0989441 0.926135 66.5998 0.0511241 0.994965 -0.0862051 -7.50521 -0.930001 0.0159706 -0.367209 103.783
-0.364297 0.0996247 0.925939 67.5412 0.0510664 0.994903 -0.0869534 -7.65559 -0.929882 0.0156075 -0.367527 103.481
-0.361157 0.10415 0.92667 68.4858 0.0557007 0.994378 -0.0900517 -7.7171 -0.93084 0.0190934 -0.364928 103.158
-0.354867 0.106146 0.928871 69.4009 0.0564297 0.994154 -0.0920475 -7.75728 -0.933212 0.0197513 -0.358783 102.757
-0.347076 0.111776 0.931152 70.3357 0.0600092 0.993484 -0.0968907 -7.72525 -0.935915 0.0222493 -0.351522 102.403
-0.337555 0.111168 0.934718 71.2924 0.0567964 0.993598 -0.0976598 -7.83712 -0.939591 0.0201231 -0.341708 102.135
-0.324634 0.108863 0.939554 72.2241 0.0507128 0.993929 -0.0976415 -7.97842 -0.944479 0.0159496 -0.328184 101.8
-0.353941 0.1037 0.929501 72.8695 0.0526838 0.994467 -0.0908867 -8.19144 -0.933783 0.0168011 -0.357446 102.533
-0.335406 0.10426 0.936287 73.8195 0.0449926 0.994496 -0.0946243 -8.29447 -0.940999 0.0103885 -0.338251 102.238
-0.311416 0.107181 0.94421 74.7606 0.0407283 0.994211 -0.0994239 -8.36682 -0.949401 0.00749388 -0.313978 101.908
-0.284354 0.105454 0.952902 75.709 0.0331886 0.994419 -0.100144 -8.52517 -0.958145 0.00314908 -0.286267 101.634
-0.254301 0.101877 0.961744 76.6703 0.0267806 0.994797 -0.0982966 -8.73351 -0.966754 0.000759214 -0.255706 101.453
-0.215272 0.0991128 0.971511 77.6302 0.022833 0.995075 -0.0964573 -8.85255 -0.976287 0.00141795 -0.216475 101.2
-0.180506 0.0942355 0.979049 78.6214 0.0158516 0.995549 -0.0929011 -8.95801 -0.983446 -0.00124981 -0.181197 101.28
-0.195512 0.0770592 0.977669 79.2103 0.0195882 0.997016 -0.0746669 -9.20326 -0.980506 0.0045525 -0.196438 102.05
-0.146073 0.0743106 0.986479 80.2055 0.0128905 0.997233 -0.0732119 -9.24851 -0.98919 0.0020219 -0.146627 101.963
-0.102776 0.0667246 0.992464 81.1823 0.00227137 0.997761 -0.0668454 -9.40452 -0.994702 -0.00461584 -0.102697 102.11
-0.0965565 0.0736115 0.992602 82.0298 0.000381104 0.997264 -0.0739202 -9.36355 -0.995327 -0.00675918 -0.0963203 102.639
-0.0322118 0.0779898 0.996434 83.0271 -0.00223052 0.996943 -0.0781018 -9.36724 -0.999479 -0.00473836 -0.0319394 102.565
0.041133 0.0855784 0.995482 84.0206 -0.00748204 0.996324 -0.0853416 -9.37165 -0.999126 -0.00393788 0.0416221 102.451
0.111295 0.0883537 0.989852 84.9977 -0.00916062 0.996089 -0.0878804 -9.54625 -0.993745 0.000713035 0.11167 102.573
0.189516 0.0910262 0.977649 85.991 -0.0163842 0.995848 -0.0895445 -9.66148 -0.981741 0.000952119 0.19022 102.578
0.254802 0.0942445 0.96239 86.9189 -0.0235422 0.995549 -0.0912587 -9.73674 -0.966707 0.000596144 0.255886 102.943
0.330073 0.096803 0.938979 87.8994 -0.0315782 0.995303 -0.0915092 -9.8315 -0.943427 0.000553421 0.331579 103.115
0.438407 0.0833687 0.894901 88.6187 -0.045264 0.996473 -0.0706566 -10.1945 -0.897636 -0.00953045 0.440635 102.523
0.496618 0.0783486 0.864426 89.4107 -0.0482665 0.996869 -0.0626234 -10.2806 -0.866626 -0.0106229 0.498845 103.127
0.552089 0.0760093 0.830313 90.1366 -0.0546238 0.996994 -0.0549474 -10.2457 -0.831994 -0.015019 0.554582 103.814
0.603822 0.0727092 0.793796 90.834 -0.0596188 0.997161 -0.0459862 -10.3061 -0.794886 -0.0195577 0.606443 104.528
0.650585 0.0674719 0.75643 91.5065 -0.0624242 0.997426 -0.0352788 -10.3544 -0.756864 -0.0242677 0.653122 105.267
0.691202 0.065323 0.719703 92.0661 -0.0663982 0.997434 -0.0267622 -10.3991 -0.719605 -0.0292889 0.693766 106.094
0.725954 0.0638222 0.684775 92.6993 -0.0688307 0.997428 -0.0199921 -10.4395 -0.68429 -0.0326202 0.72848 106.867
0.752864 0.0698961 0.654454 93.17 -0.0798366 0.996701 -0.0146067 -10.5181 -0.653316 -0.0412525 0.755961 107.746
0.77617 0.0736464 0.626208 93.7621 -0.0837221 0.996399 -0.0134118 -10.5229 -0.624941 -0.0420176 0.77954 108.552
0.795571 0.075881 0.601089 94.3117 -0.0871676 0.99614 -0.0103812 -10.5905 -0.599557 -0.0441365 0.799114 109.385
0.808655 0.0723777 0.583814 94.8356 -0.0825397 0.996545 -0.00921772 -10.6035 -0.582464 -0.0407339 0.811835 110.236
0.818992 0.0661004 0.569985 95.3546 -0.0745823 0.997179 -0.00847659 -10.5585 -0.568937 -0.0355685 0.821612 111.09
0.826075 0.0719164 0.558953 95.8766 -0.082123 0.996599 -0.00685566 -10.6346 -0.557544 -0.0402396 0.829171 111.94
0.832203 0.0744014 0.549456 96.4704 -0.0854392 0.996328 -0.00550616 -10.6889 -0.547848 -0.0423629 0.835504 112.742
0.834785 0.081889 0.544452 96.9827 -0.0934451 0.995603 -0.00646958 -10.6794 -0.542588 -0.0454756 0.838767 113.601
0.836079 0.0867679 0.541704 97.5478 -0.0969351 0.995242 -0.00980181 -10.6804 -0.539977 -0.044315 0.840512 114.426
0.836026 0.08877 0.541461 98.0866 -0.097715 0.995139 -0.0122745 -10.731 -0.539919 -0.0426471 0.840636 115.267
0.835395 0.0879655 0.542566 98.7417 -0.0939728 0.995435 -0.0166977 -10.7424 -0.541558 -0.0370373 0.839847 116.022
0.833289 0.0885349 0.545702 99.3236 -0.0912241 0.995582 -0.022224 -10.8356 -0.545259 -0.0312621 0.837685 116.83
0.831371 0.088821 0.548573 99.8589 -0.0886834 0.995699 -0.0268154 -10.8684 -0.548595 -0.0263558 0.835672 117.674
0.829198 0.0881043 0.551968 100.422 -0.08782 0.99577 -0.0270152 -10.8608 -0.552014 -0.0260729 0.833427 118.501
0.824739 0.0885273 0.558541 100.843 -0.0901668 0.995621 -0.0246635 -10.8328 -0.558279 -0.0300209 0.82911 119.407
0.822516 0.0830069 0.562651 101.377 -0.086916 0.996017 -0.0198816 -10.8735 -0.562061 -0.0325504 0.826455 120.252
0.820528 0.0773795 0.566344 101.908 -0.0834045 0.996398 -0.0153 -10.8672 -0.565488 -0.0346815 0.824027 121.099
0.8175 0.0756589 0.570937 102.447 -0.0843165 0.996375 -0.0113075 -10.896 -0.569723 -0.0388955 0.820916 121.941
0.816612 0.0679659 0.573172 103.015 -0.0753251 0.997099 -0.0109171 -10.9131 -0.572251 -0.0342592 0.819362 122.764
0.815693 0.071114 0.574097 103.662 -0.076904 0.996937 -0.0142244 -10.9352 -0.57335 -0.0325476 0.818664 123.526
0.815991 0.0719649 0.573568 104.209 -0.0728962 0.99711 -0.0213998 -10.9902 -0.57345 -0.0243488 0.818879 124.362
0.815741 0.07735 0.573222 104.724 -0.0754948 0.996779 -0.0270692 -11.0607 -0.57347 -0.0211939 0.818953 125.215
0.817037 0.080876 0.570884 105.271 -0.0777042 0.996526 -0.0299671 -11.0964 -0.571325 -0.0198759 0.820483 126.052
0.818315 0.0796176 0.569229 105.867 -0.0789193 0.996544 -0.0259326 -11.1196 -0.569326 -0.0237022 0.82177 126.855
0.818599 0.0726555 0.569752 106.417 -0.0762007 0.996936 -0.0176482 -11.1662 -0.569288 -0.0289687 0.821627 127.688
0.819845 0.0719501 0.568048 106.986 -0.0792161 0.996786 -0.011925 -11.1901 -0.56708 -0.0352219 0.822909 128.511
0.820707 0.0738741 0.566553 107.546 -0.0821454 0.99656 -0.010948 -11.2819 -0.565413 -0.0375546 0.823952 129.334
0.821329 0.0812631 0.564637 108.076 -0.0882973 0.995983 -0.0149043 -11.3337 -0.56358 -0.0376146 0.825205 130.18
0.824188 0.085059 0.559893 108.702 -0.0884263 0.995859 -0.0211234 -11.3258 -0.559371 -0.0320996 0.828296 130.961
0.826305 0.0838902 0.55694 109.262 -0.0854686 0.99607 -0.0232293 -11.3526 -0.5567 -0.0284064 0.830228 131.788
0.828036 0.0825789 0.55456 109.839 -0.0841351 0.996195 -0.0227168 -11.3663 -0.554326 -0.0278476 0.831834 132.605
0.831317 0.0796642 0.55006 110.477 -0.0811141 0.996468 -0.0217274 -11.3696 -0.549848 -0.0265552 0.834843 133.375
0.832001 0.0786624 0.549169 111.013 -0.081975 0.996462 -0.0185385 -11.4087 -0.548684 -0.0295941 0.835506 134.218
0.832488 0.0768362 0.548689 111.584 -0.081199 0.996564 -0.0163571 -11.468 -0.548061 -0.0309359 0.835866 135.037
0.834275 0.070188 0.546863 112.223 -0.0735366 0.997167 -0.0157981 -11.4531 -0.546422 -0.0270345 0.837073 135.806
0.835147 0.0699021 0.545567 112.802 -0.0737795 0.997164 -0.0148234 -11.4639 -0.545056 -0.0278719 0.837936 136.621
0.834923 0.0753359 0.545186 113.385 -0.0788174 0.996744 -0.0170294 -11.4843 -0.544694 -0.0287519 0.838142 137.433
0.831944 0.0834631 0.548547 113.807 -0.0856594 0.996089 -0.0216443 -11.4963 -0.548208 -0.0289814 0.83584 138.34
0.829757 0.0939347 0.550163 114.312 -0.0980361 0.994939 -0.0220174 -11.5642 -0.549447 -0.0356667 0.834767 139.201
0.827129 0.0997754 0.553085 114.832 -0.105617 0.994177 -0.0213998 -11.5987 -0.552 -0.0407146 0.83285 140.054
0.825187 0.100874 0.555779 115.358 -0.10798 0.99395 -0.0200793 -11.6109 -0.554442 -0.043444 0.831088 140.904
0.823684 0.103251 0.55757 115.902 -0.110244 0.993679 -0.0211477 -11.6638 -0.556229 -0.0440499 0.829861 141.742
0.824676 0.099429 0.556797 116.482 -0.103119 0.994359 -0.0248359 -11.6483 -0.556126 -0.0369346 0.830277 142.556
0.823401 0.0973425 0.559048 117 -0.101586 0.994548 -0.0235496 -11.693 -0.558293 -0.037401 0.828801 143.411
0.824213 0.0917284 0.558801 117.566 -0.0933664 0.995301 -0.0256683 -11.7164 -0.55853 -0.0310171 0.828904 144.235
0.822727 0.0917907 0.560976 118.081 -0.0936069 0.995281 -0.0255707 -11.7819 -0.560676 -0.0314735 0.827437 145.089
0.82238 0.0928676 0.561309 118.677 -0.0967292 0.995047 -0.02291 -11.8023 -0.560656 -0.0354543 0.827289 145.892
0.820629 0.0938554 0.563701 119.21 -0.101615 0.994667 -0.0176813 -11.8274 -0.562354 -0.0427704 0.82579 146.738
0.819701 0.0963206 0.564635 119.763 -0.107775 0.994089 -0.0131201 -11.8664 -0.562561 -0.0500989 0.825236 147.57
0.819068 0.0973858 0.56537 120.321 -0.10487 0.994298 -0.0193406 -11.9001 -0.56403 -0.0434492 0.824611 148.399
0.820016 0.0994282 0.563638 120.894 -0.0989592 0.994593 -0.0314785 -11.992 -0.56372 -0.0299643 0.825422 149.213
0.820499 0.101322 0.562597 121.445 -0.0961354 0.994607 -0.0389208 -12.0625 -0.563506 -0.022151 0.825815 150.045
0.822214 0.0959325 0.561036 122.066 -0.0963071 0.99493 -0.028984 -12.1261 -0.560972 -0.0302007 0.827284 150.826
0.824599 0.0807009 0.559933 122.668 -0.0903498 0.995855 -0.0104729 -12.1055 -0.558457 -0.0419539 0.828472 151.625
0.827548 0.0711504 0.556868 123.331 -0.0875007 0.996161 0.00275431 -12.0694 -0.554534 -0.0510056 0.830597 152.372
0.828155 0.0757562 0.555357 123.884 -0.0892635 0.996004 -0.00275412 -12.0862 -0.553346 -0.0472922 0.831608 153.205
0.828074 0.0896945 0.553397 124.407 -0.0966495 0.995179 -0.0166772 -12.153 -0.552225 -0.0396756 0.83275 154.055
0.828051 0.0938088 0.552749 124.957 -0.0968126 0.995017 -0.0238365 -12.1796 -0.552231 -0.0337752 0.833007 154.89
0.830282 0.0911575 0.549838 125.559 -0.0929744 0.995364 -0.0246253 -12.2099 -0.549534 -0.0306749 0.834908 155.687
0.833246 0.0887778 0.545728 126.141 -0.0910937 0.99558 -0.022872 -12.2387 -0.545346 -0.0306544 0.83765 156.5
0.835842 0.0887514 0.541749 126.703 -0.0890356 0.995696 -0.0257494 -12.2329 -0.541702 -0.0267125 0.840146 157.328
0.838418 0.0878475 0.537902 127.151 -0.0860647 0.995882 -0.0284951 -12.2174 -0.53819 -0.0224036 0.842526 158.221
0.83894 0.0931864 0.536187 127.658 -0.0928341 0.995296 -0.0277251 -12.2739 -0.536248 -0.0265167 0.843644 159.081
0.839328 0.0977002 0.534774 128.163 -0.0979985 0.994794 -0.0279347 -12.3208 -0.534719 -0.0289607 0.844533 159.943
0.841282 0.0973041 0.531767 128.747 -0.0994814 0.994734 -0.0246345 -12.3819 -0.531364 -0.0321763 0.846532 160.753
0.841136 0.0934014 0.532697 129.172 -0.0987597 0.994939 -0.0185065 -12.4427 -0.53173 -0.0370425 0.846104 161.656
0.841136 0.0934014 0.532697 129.665 -0.0987597 0.994939 -0.0185065 -12.475 -0.53173 -0.0370425 0.846104 162.525
0.843198 0.0921658 0.529645 130.199 -0.0955937 0.995199 -0.0209933 -12.5217 -0.529037 -0.0329292 0.84796 163.37
0.862933 0.0937311 0.49655 131.184 -0.0896895 0.995454 -0.032039 -12.3694 -0.497296 -0.0168878 0.867417 163.449
0.865247 0.0898297 0.493233 131.553 -0.0848328 0.995863 -0.0325542 -12.4116 -0.494117 -0.0136749 0.869288 164.378
0.868419 0.0854155 0.488418 132.006 -0.0832094 0.996186 -0.0262666 -12.4625 -0.488799 -0.0178306 0.872214 165.268
0.871208 0.0785986 0.48458 132.403 -0.0804992 0.996611 -0.0169231 -12.5137 -0.484268 -0.0242648 0.874583 166.184
0.874556 0.0722237 0.479516 132.914 -0.0785507 0.996886 -0.0068857 -12.5479 -0.47852 -0.0316444 0.877506 167.043
0.875269 0.0782724 0.477261 133.322 -0.0863332 0.996253 -0.00505875 -12.5351 -0.475869 -0.0367757 0.878747 167.956
0.877392 0.0827 0.472593 133.71 -0.0888263 0.996003 -0.00938207 -12.5461 -0.47148 -0.033747 0.881231 168.877
0.882065 0.0857926 0.46325 134.19 -0.086396 0.996061 -0.0199629 -12.5411 -0.463138 -0.0224143 0.886003 169.755
0.885238 0.0847572 0.457351 134.657 -0.0814785 0.996311 -0.0269306 -12.5324 -0.457946 -0.0134243 0.888878 170.639
0.889377 0.0808788 0.449963 135.164 -0.0779054 0.996643 -0.0251576 -12.5426 -0.450487 -0.0126799 0.892693 171.5
0.89211 0.0851808 0.443716 135.554 -0.0847469 0.996184 -0.0208516 -12.5808 -0.443799 -0.0190016 0.895925 172.421
0.896839 0.0862937 0.433859 136.066 -0.0852505 0.996119 -0.0219032 -12.5702 -0.434066 -0.0173431 0.900714 173.279
0.900683 0.0916632 0.424698 136.464 -0.0888722 0.995692 -0.026425 -12.6214 -0.425291 -0.0139434 0.904949 174.195
0.905814 0.0874074 0.414561 136.994 -0.0834176 0.996128 -0.0277598 -12.6283 -0.415382 -0.00943651 0.909598 175.044
0.909428 0.0862743 0.406814 137.39 -0.0839712 0.99619 -0.0235485 -12.6875 -0.407296 -0.012745 0.913207 175.96
0.913289 0.0864277 0.398038 137.867 -0.0869104 0.996073 -0.0168678 -12.6875 -0.397933 -0.0191885 0.917214 176.839
0.916637 0.0865132 0.390245 138.251 -0.0894712 0.995933 -0.0106311 -12.7309 -0.389578 -0.0251709 0.92065 177.761
0.920211 0.0832021 0.382478 138.624 -0.0873635 0.996155 -0.00650851 -12.763 -0.381549 -0.0274255 0.923942 178.688
0.925076 0.0821493 0.370791 139.243 -0.0866064 0.996232 -0.00464486 -12.7488 -0.369775 -0.027816 0.928705 179.473
0.925459 0.0836374 0.369501 139.517 -0.0875529 0.996141 -0.00619217 -12.7705 -0.368592 -0.0266203 0.92921 180.435
0.925725 0.0904227 0.367229 139.802 -0.0925598 0.995637 -0.0118272 -12.7935 -0.366697 -0.023042 0.930055 181.393
0.925669 0.0983849 0.365319 140.085 -0.0987119 0.994956 -0.0178315 -12.8294 -0.365231 -0.0195552 0.930712 182.352
0.925601 0.102114 0.364466 140.357 -0.101861 0.994598 -0.0199753 -12.8574 -0.364537 -0.0186357 0.931002 183.314
0.927915 0.10158 0.358686 140.821 -0.103618 0.994524 -0.0135934 -12.8655 -0.358103 -0.0245526 0.933359 184.199
0.929457 0.0965479 0.356074 141.124 -0.101858 0.994791 -0.00385382 -12.8417 -0.354592 -0.0326872 0.93445 185.152
0.930393 0.0948253 0.354086 141.487 -0.103123 0.994658 0.00459293 -12.883 -0.351759 -0.0407877 0.935202 186.083
0.933654 0.0858413 0.347738 141.755 -0.0913468 0.995819 -0.000564031 -12.8394 -0.346333 -0.0312382 0.937591 187.046
0.936533 0.0752375 0.342411 142.046 -0.0763057 0.997031 -0.0103712 -12.8322 -0.342174 -0.0164149 0.939493 188.002
0.938966 0.0743962 0.33587 142.395 -0.0738199 0.997166 -0.0145026 -12.8505 -0.335997 -0.0111764 0.941797 188.939
0.941191 0.0736664 0.329746 142.656 -0.0737268 0.997202 -0.0123407 -12.8591 -0.329732 -0.0126962 0.943989 189.904
0.943137 0.0704107 0.324862 142.884 -0.0726163 0.997346 -0.005346 -12.9014 -0.324376 -0.0185482 0.945746 190.877
0.946543 0.0598802 0.316972 143.157 -0.062649 0.998035 -0.00145926 -12.9049 -0.316436 -0.0184767 0.948434 191.839
0.948548 0.0518879 0.312354 143.452 -0.0553382 0.998465 0.00218549 -12.9127 -0.311761 -0.0193581 0.949963 192.795
0.950619 0.0459088 0.306945 143.696 -0.0490582 0.998793 0.00254855 -12.9192 -0.306457 -0.0174808 0.951724 193.764
0.952732 0.0404965 0.301101 143.931 -0.0413788 0.999138 -0.00344982 -12.9264 -0.300981 -0.00917241 0.953586 194.736
0.903509 0.0493624 0.425717 143.054 -0.0285625 0.998072 -0.0551086 -12.6491 -0.427617 0.0376316 0.903176 195.13
0.907672 0.0399897 0.417771 143.48 -0.0161236 0.998038 -0.0605028 -12.6737 -0.419371 0.0481808 0.906536 196.034
0.910483 0.0408412 0.411526 143.853 -0.0206333 0.998358 -0.0534303 -12.7297 -0.413032 0.0401562 0.909831 196.96
0.911757 0.0482206 0.40789 144.216 -0.0350414 0.998596 -0.0397257 -12.8051 -0.409233 0.0219272 0.912167 197.889
0.913645 0.0461319 0.403888 144.605 -0.0360192 0.998819 -0.0326048 -12.8448 -0.404915 0.0152415 0.914227 198.81
0.915156 0.0461404 0.400451 144.964 -0.0347138 0.998758 -0.0357462 -12.8979 -0.401603 0.0188122 0.915621 199.741
0.916285 0.0559488 0.396601 145.394 -0.0405757 0.998068 -0.0470544 -12.9582 -0.398467 0.0270229 0.916784 200.642
0.916394 0.0698795 0.394131 145.72 -0.0515201 0.997045 -0.0569868 -13.0143 -0.396948 0.0319167 0.917286 201.586
0.916331 0.0715128 0.393984 146.052 -0.0520114 0.996844 -0.0599705 -13.0962 -0.397029 0.0344612 0.917159 202.525
0.917815 0.067031 0.391308 146.481 -0.049008 0.997234 -0.0558775 -13.1409 -0.393971 0.0321081 0.918562 203.428
0.917298 0.063158 0.39316 146.815 -0.0488747 0.997734 -0.0462461 -13.2195 -0.39519 0.0232059 0.918306 204.367
0.916985 0.0612012 0.3942 147.195 -0.0491121 0.997964 -0.0406941 -13.2725 -0.395888 0.0179559 0.918123 205.29
0.917594 0.0627638 0.392533 147.611 -0.0508227 0.997876 -0.0407504 -13.3444 -0.394257 0.0174427 0.918835 206.197
0.918952 0.0619255 0.389478 148.047 -0.0464565 0.997717 -0.0490218 -13.4007 -0.391624 0.0269549 0.91973 207.095
0.919867 0.0601173 0.387595 148.419 -0.0394516 0.997354 -0.0610637 -13.4656 -0.390241 0.0408793 0.919805 208.021
0.920897 0.054334 0.386 148.787 -0.0316998 0.997397 -0.0647675 -13.5387 -0.388514 0.0474081 0.920222 208.948
0.921421 0.0522286 0.385041 149.176 -0.0314404 0.997697 -0.0600935 -13.59 -0.387293 0.0432656 0.920941 209.868
0.921708 0.0517907 0.384412 149.538 -0.0355914 0.998158 -0.049141 -13.6547 -0.386249 0.0316118 0.921853 210.798
0.921215 0.0560754 0.384991 149.861 -0.041683 0.998088 -0.0456352 -13.7458 -0.386814 0.0259923 0.921792 211.74
0.921399 0.0559148 0.384574 150.228 -0.0402736 0.998005 -0.0486128 -13.8148 -0.386525 0.0293036 0.921813 212.667
0.921004 0.061774 0.384624 150.641 -0.0439376 0.997519 -0.0549995 -13.8983 -0.387068 0.0337553 0.921433 213.575
0.920289 0.0692208 0.385066 151.029 -0.052172 0.997146 -0.0545618 -13.977 -0.387744 0.030123 0.921275 214.493
0.920007 0.0712828 0.385365 151.388 -0.055801 0.997127 -0.0512259 -14.0412 -0.387909 0.0256244 0.921341 215.424
0.919877 0.0724712 0.385454 151.756 -0.058884 0.99716 -0.0469561 -14.1241 -0.387762 0.0204968 0.921531 216.35
0.919504 0.0767633 0.385512 152.119 -0.0644804 0.996917 -0.044711 -14.1715 -0.387756 0.016254 0.921619 217.281
0.919152 0.0803396 0.385623 152.479 -0.0681235 0.99665 -0.0452632 -14.236 -0.387967 0.0153338 0.921546 218.211
0.910061 0.0705926 0.408418 151.862 -0.0614926 0.99748 -0.0353868 -14.6931 -0.409887 0.00708946 0.912109 218.851
0.910453 0.0736609 0.407 152.242 -0.0624271 0.997214 -0.0408322 -14.7179 -0.408874 0.0117679 0.912515 219.775
0.911754 0.0726638 0.404258 152.681 -0.0616102 0.997286 -0.0403042 -14.759 -0.40609 0.0118411 0.913757 220.673
0.912728 0.066393 0.403136 153.071 -0.0594853 0.997789 -0.029648 -14.8134 -0.404213 0.00307992 0.91466 221.592
0.912875 0.0631684 0.403323 153.437 -0.0597587 0.997991 -0.0210482 -14.8528 -0.403843 -0.00488768 0.914815 222.522
0.913676 0.0577565 0.402318 153.863 -0.054546 0.998322 -0.0194428 -14.8953 -0.402766 -0.00418034 0.915294 223.426
