1 0 0 0 0 1 0 0 0 0 1 0
0.999998 -0.000523297 -0.00167719 0.000518746 0.999996 -0.00271233 0.0016786 0.00271146 0.999995 -0.0125921 0.00801001 0.999889
0.999974 0.00107847 -0.0071667 -0.00107911 0.999999 -8.51551e-05 0.0071666 9.28865e-05 0.999974 -0.026674 -0.0349169 0.999034
0.999959 -0.00257961 -0.00867108 0.00257578 0.999997 -0.000452196 0.00867222 0.000429843 0.999962 -0.00523632 -0.0388696 0.999231
0.999992 -0.000662831 0.00402288 0.00066777 0.999999 -0.00122656 -0.00402206 0.00122924 0.999991 -0.398493 0.00787912 0.917137